*~*~*~*~*~*~*~*~*~*~*~*~*~*~*~*~*~*~*~*~*~*~*~*~*~*~*~*~*~*~*~*~*~*~*~*~*~*~*~*~
Tested: 658
True Pos: 
[311, 120, 8, 26, 24, 16, 18, 4, 4, 5]
False Pos: 
[21, 13, 5, 30, 7, 2, 22, 6, 6, 10]
False Neg: 
[6, 16, 17, 18, 9, 5, 6, 8, 23, 14]
MACRO Recall: 0.575815145269 Prec: 0.616508872733
MICRO Recall: 0.814589665653 Prec: 0.814589665653
Accuracy 0.814589665653
*~*~*~*~*~*~*~*~*~*~*~*~*~*~*~*~*~*~*~*~*~*~*~*~*~*~*~*~*~*~*~*~*~*~*~*~*~*~*~*~
Tested: 658
True Pos: 
[282, 136, 10, 25, 25, 23, 12, 5, 7, 5]
False Pos: 
[17, 18, 13, 23, 4, 15, 14, 0, 13, 11]
False Neg: 
[7, 7, 21, 23, 9, 6, 10, 11, 21, 13]
MACRO Recall: 0.568437136541 Prec: 0.637324722281
MICRO Recall: 0.80547112462 Prec: 0.80547112462
Accuracy 0.80547112462
*~*~*~*~*~*~*~*~*~*~*~*~*~*~*~*~*~*~*~*~*~*~*~*~*~*~*~*~*~*~*~*~*~*~*~*~*~*~*~*~
Tested: 657
True Pos: 
[200, 162, 26, 19, 36, 20, 21, 11, 4, 3]
False Pos: 
[21, 23, 26, 25, 10, 13, 15, 8, 9, 5]
False Neg: 
[13, 14, 21, 18, 12, 8, 21, 18, 13, 17]
MACRO Recall: 0.565501686124 Prec: 0.594611354422
MICRO Recall: 0.764079147641 Prec: 0.764079147641
Accuracy 0.764079147641
*~*~*~*~*~*~*~*~*~*~*~*~*~*~*~*~*~*~*~*~*~*~*~*~*~*~*~*~*~*~*~*~*~*~*~*~*~*~*~*~
Tested: 657
True Pos: 
[282, 120, 25, 19, 32, 27, 15, 12, 4, 4]
False Pos: 
[10, 19, 8, 22, 6, 14, 17, 7, 5, 9]
False Neg: 
[9, 11, 16, 15, 21, 6, 5, 10, 10, 14]
MACRO Recall: 0.627902878275 Prec: 0.640316071693
MICRO Recall: 0.821917808219 Prec: 0.821917808219
Accuracy 0.821917808219
*~*~*~*~*~*~*~*~*~*~*~*~*~*~*~*~*~*~*~*~*~*~*~*~*~*~*~*~*~*~*~*~*~*~*~*~*~*~*~*~
Tested: 657
True Pos: 
[318, 125, 11, 17, 25, 18, 10, 5, 4, 3]
False Pos: 
[13, 14, 13, 18, 8, 9, 15, 9, 11, 11]
False Neg: 
[8, 17, 15, 19, 9, 8, 12, 7, 16, 10]
MACRO Recall: 0.548062412008 Prec: 0.546639093245
MICRO Recall: 0.815829528158 Prec: 0.815829528158
Accuracy 0.815829528158
*~*~*~*~*~*~*~*~*~*~*~*~*~*~*~*~*~*~*~*~*~*~*~*~*~*~*~*~*~*~*~*~*~*~*~*~*~*~*~*~
Tested: 657
True Pos: 
[271, 141, 13, 17, 17, 36, 14, 2, 2, 3]
False Pos: 
[18, 30, 12, 24, 5, 15, 20, 4, 7, 6]
False Neg: 
[18, 19, 26, 16, 12, 6, 10, 11, 12, 11]
MACRO Recall: 0.520512320948 Prec: 0.547617503327
MICRO Recall: 0.785388127854 Prec: 0.785388127854
Accuracy 0.785388127854
*~*~*~*~*~*~*~*~*~*~*~*~*~*~*~*~*~*~*~*~*~*~*~*~*~*~*~*~*~*~*~*~*~*~*~*~*~*~*~*~
Tested: 657
True Pos: 
[263, 128, 47, 16, 22, 32, 8, 10, 3, 0]
False Pos: 
[15, 31, 17, 19, 8, 3, 12, 8, 15, 0]
False Neg: 
[19, 12, 12, 12, 18, 14, 12, 11, 6, 12]
MACRO Recall: 0.567012455212 Prec: 0.571243373899
MICRO Recall: 0.805175038052 Prec: 0.805175038052
Accuracy 0.805175038052
*~*~*~*~*~*~*~*~*~*~*~*~*~*~*~*~*~*~*~*~*~*~*~*~*~*~*~*~*~*~*~*~*~*~*~*~*~*~*~*~
Tested: 657
True Pos: 
[238, 115, 46, 9, 24, 48, 10, 3, 3, 6]
False Pos: 
[14, 35, 11, 10, 16, 30, 21, 4, 5, 9]
False Neg: 
[13, 16, 37, 19, 13, 12, 6, 19, 11, 9]
MACRO Recall: 0.552601320493 Prec: 0.573334955461
MICRO Recall: 0.764079147641 Prec: 0.764079147641
Accuracy 0.764079147641
*~*~*~*~*~*~*~*~*~*~*~*~*~*~*~*~*~*~*~*~*~*~*~*~*~*~*~*~*~*~*~*~*~*~*~*~*~*~*~*~
Tested: 657
True Pos: 
[249, 164, 18, 21, 12, 25, 29, 3, 8, 4]
False Pos: 
[15, 12, 8, 27, 4, 15, 19, 4, 13, 7]
False Neg: 
[8, 9, 25, 24, 7, 4, 9, 7, 18, 13]
MACRO Recall: 0.590191202473 Prec: 0.615713453213
MICRO Recall: 0.811263318113 Prec: 0.811263318113
Accuracy 0.811263318113
*~*~*~*~*~*~*~*~*~*~*~*~*~*~*~*~*~*~*~*~*~*~*~*~*~*~*~*~*~*~*~*~*~*~*~*~*~*~*~*~
Tested: 657
True Pos: 
[186, 138, 39, 24, 20, 17, 48, 8, 9, 7]
False Pos: 
[13, 19, 16, 23, 17, 10, 23, 8, 18, 14]
False Neg: 
[8, 15, 28, 38, 4, 6, 13, 21, 20, 8]
MACRO Recall: 0.624213257458 Prec: 0.604627664038
MICRO Recall: 0.754946727549 Prec: 0.754946727549
Accuracy 0.754946727549
