*~*~*~*~*~*~*~*~*~*~*~*~*~*~*~*~*~*~*~*~*~*~*~*~*~*~*~*~*~*~*~*~*~*~*~*~*~*~*~*~
Tested: 659
True Pos: 
[298, 99, 17, 6, 7, 2, 2, 3, 0, 0]
False Pos: 
[65, 83, 29, 11, 10, 6, 6, 14, 1, 0]
False Neg: 
[19, 38, 8, 38, 26, 19, 22, 9, 27, 19]
MACRO Recall: 0.311974710577 Prec: 0.317563437105
MICRO Recall: 0.658573596358 Prec: 0.658573596358
Accuracy 0.658573596358
*~*~*~*~*~*~*~*~*~*~*~*~*~*~*~*~*~*~*~*~*~*~*~*~*~*~*~*~*~*~*~*~*~*~*~*~*~*~*~*~
Tested: 658
True Pos: 
[276, 108, 13, 12, 1, 7, 1, 2, 2, 0]
False Pos: 
[56, 78, 17, 26, 19, 19, 12, 6, 3, 0]
False Neg: 
[13, 35, 18, 36, 33, 22, 21, 14, 26, 18]
MACRO Recall: 0.289229108693 Prec: 0.320724711567
MICRO Recall: 0.641337386018 Prec: 0.641337386018
Accuracy 0.641337386018
*~*~*~*~*~*~*~*~*~*~*~*~*~*~*~*~*~*~*~*~*~*~*~*~*~*~*~*~*~*~*~*~*~*~*~*~*~*~*~*~
Tested: 658
True Pos: 
[191, 119, 18, 11, 5, 6, 5, 1, 0, 0]
False Pos: 
[92, 103, 23, 36, 24, 14, 6, 1, 2, 1]
False Neg: 
[22, 56, 29, 26, 43, 22, 37, 30, 17, 20]
MACRO Recall: 0.272674770024 Prec: 0.33109738879
MICRO Recall: 0.54103343465 Prec: 0.54103343465
Accuracy 0.54103343465
*~*~*~*~*~*~*~*~*~*~*~*~*~*~*~*~*~*~*~*~*~*~*~*~*~*~*~*~*~*~*~*~*~*~*~*~*~*~*~*~
Tested: 658
True Pos: 
[264, 108, 26, 6, 3, 5, 3, 3, 2, 1]
False Pos: 
[50, 80, 28, 16, 11, 27, 15, 3, 4, 3]
False Neg: 
[26, 25, 15, 28, 50, 28, 17, 19, 12, 17]
MACRO Recall: 0.322588709235 Prec: 0.378997688481
MICRO Recall: 0.639817629179 Prec: 0.639817629179
Accuracy 0.639817629179
*~*~*~*~*~*~*~*~*~*~*~*~*~*~*~*~*~*~*~*~*~*~*~*~*~*~*~*~*~*~*~*~*~*~*~*~*~*~*~*~
Tested: 658
True Pos: 
[294, 116, 14, 10, 6, 6, 3, 1, 0, 0]
False Pos: 
[29, 75, 28, 12, 21, 25, 8, 8, 0, 2]
False Neg: 
[33, 26, 12, 26, 28, 20, 19, 11, 20, 13]
MACRO Recall: 0.31591600822 Prec: 0.310503434223
MICRO Recall: 0.683890577508 Prec: 0.683890577508
Accuracy 0.683890577508
*~*~*~*~*~*~*~*~*~*~*~*~*~*~*~*~*~*~*~*~*~*~*~*~*~*~*~*~*~*~*~*~*~*~*~*~*~*~*~*~
Tested: 658
True Pos: 
[261, 129, 21, 12, 4, 14, 4, 3, 1, 0]
False Pos: 
[32, 71, 25, 15, 16, 30, 7, 11, 2, 0]
False Neg: 
[28, 31, 18, 21, 26, 28, 20, 10, 13, 14]
MACRO Recall: 0.354699322448 Prec: 0.386618839595
MICRO Recall: 0.682370820669 Prec: 0.682370820669
Accuracy 0.682370820669
*~*~*~*~*~*~*~*~*~*~*~*~*~*~*~*~*~*~*~*~*~*~*~*~*~*~*~*~*~*~*~*~*~*~*~*~*~*~*~*~
Tested: 658
True Pos: 
[252, 108, 42, 8, 7, 18, 2, 6, 0, 0]
False Pos: 
[30, 57, 31, 22, 23, 27, 13, 8, 1, 3]
False Neg: 
[31, 32, 17, 20, 32, 28, 18, 16, 9, 12]
MACRO Recall: 0.360298542792 Prec: 0.358540970348
MICRO Recall: 0.673252279635 Prec: 0.673252279635
Accuracy 0.673252279635
*~*~*~*~*~*~*~*~*~*~*~*~*~*~*~*~*~*~*~*~*~*~*~*~*~*~*~*~*~*~*~*~*~*~*~*~*~*~*~*~
Tested: 658
True Pos: 
[222, 98, 44, 5, 3, 18, 3, 4, 2, 2]
False Pos: 
[31, 92, 34, 25, 16, 23, 18, 7, 6, 5]
False Neg: 
[28, 33, 38, 23, 34, 42, 13, 21, 12, 13]
MACRO Recall: 0.335601995475 Prec: 0.376315597948
MICRO Recall: 0.609422492401 Prec: 0.609422492401
Accuracy 0.609422492401
*~*~*~*~*~*~*~*~*~*~*~*~*~*~*~*~*~*~*~*~*~*~*~*~*~*~*~*~*~*~*~*~*~*~*~*~*~*~*~*~
Tested: 658
True Pos: 
[237, 137, 24, 16, 4, 5, 12, 1, 1, 0]
False Pos: 
[49, 77, 20, 27, 10, 16, 7, 8, 7, 0]
False Neg: 
[19, 37, 20, 29, 15, 24, 26, 9, 25, 17]
MACRO Recall: 0.345133879389 Prec: 0.377790539556
MICRO Recall: 0.664133738602 Prec: 0.664133738602
Accuracy 0.664133738602
*~*~*~*~*~*~*~*~*~*~*~*~*~*~*~*~*~*~*~*~*~*~*~*~*~*~*~*~*~*~*~*~*~*~*~*~*~*~*~*~
Tested: 658
True Pos: 
[166, 129, 41, 18, 0, 8, 16, 9, 0, 2]
False Pos: 
[46, 106, 36, 23, 16, 16, 8, 7, 5, 6]
False Neg: 
[29, 24, 26, 44, 24, 15, 45, 20, 29, 13]
MACRO Recall: 0.365048151518 Prec: 0.411594696085
MICRO Recall: 0.591185410334 Prec: 0.591185410334
Accuracy 0.591185410334
