*~*~*~*~*~*~*~*~*~*~*~*~*~*~*~*~*~*~*~*~*~*~*~*~*~*~*~*~*~*~*~*~*~*~*~*~*~*~*~*~
Tested: 659
True Pos: 
[298, 35, 1, 12, 1, 0, 1, 0, 0, 0]
False Pos: 
[145, 67, 13, 41, 9, 7, 13, 4, 6, 6]
False Neg: 
[19, 102, 24, 32, 32, 21, 23, 12, 27, 19]
MACRO Recall: 0.158023451373 Prec: 0.148509572235
MICRO Recall: 0.528072837633 Prec: 0.528072837633
Accuracy 0.528072837633
*~*~*~*~*~*~*~*~*~*~*~*~*~*~*~*~*~*~*~*~*~*~*~*~*~*~*~*~*~*~*~*~*~*~*~*~*~*~*~*~
Tested: 658
True Pos: 
[268, 32, 1, 7, 3, 1, 2, 0, 1, 0]
False Pos: 
[157, 71, 8, 26, 14, 4, 23, 10, 26, 4]
False Neg: 
[21, 111, 30, 41, 31, 28, 20, 16, 27, 18]
MACRO Recall: 0.157854469113 Prec: 0.175800779545
MICRO Recall: 0.478723404255 Prec: 0.478723404255
Accuracy 0.478723404255
*~*~*~*~*~*~*~*~*~*~*~*~*~*~*~*~*~*~*~*~*~*~*~*~*~*~*~*~*~*~*~*~*~*~*~*~*~*~*~*~
Tested: 658
True Pos: 
[182, 58, 3, 12, 4, 6, 1, 2, 0, 0]
False Pos: 
[173, 92, 10, 54, 11, 17, 12, 17, 1, 3]
False Neg: 
[31, 117, 44, 25, 44, 22, 41, 29, 17, 20]
MACRO Recall: 0.195998747734 Prec: 0.202165260229
MICRO Recall: 0.407294832827 Prec: 0.407294832827
Accuracy 0.407294832827
*~*~*~*~*~*~*~*~*~*~*~*~*~*~*~*~*~*~*~*~*~*~*~*~*~*~*~*~*~*~*~*~*~*~*~*~*~*~*~*~
Tested: 658
True Pos: 
[265, 38, 2, 10, 2, 10, 0, 1, 0, 1]
False Pos: 
[146, 71, 5, 32, 6, 29, 23, 12, 2, 3]
False Neg: 
[25, 95, 39, 24, 51, 23, 20, 21, 14, 17]
MACRO Recall: 0.198418177712 Prec: 0.23505355668
MICRO Recall: 0.5 Prec: 0.5
Accuracy 0.5
*~*~*~*~*~*~*~*~*~*~*~*~*~*~*~*~*~*~*~*~*~*~*~*~*~*~*~*~*~*~*~*~*~*~*~*~*~*~*~*~
Tested: 658
True Pos: 
[305, 33, 0, 9, 2, 11, 0, 1, 0, 0]
False Pos: 
[127, 40, 10, 39, 5, 54, 5, 7, 1, 9]
False Neg: 
[22, 109, 26, 27, 32, 15, 22, 11, 20, 13]
MACRO Recall: 0.198034986456 Prec: 0.192551836798
MICRO Recall: 0.548632218845 Prec: 0.548632218845
Accuracy 0.548632218845
*~*~*~*~*~*~*~*~*~*~*~*~*~*~*~*~*~*~*~*~*~*~*~*~*~*~*~*~*~*~*~*~*~*~*~*~*~*~*~*~
Tested: 658
True Pos: 
[268, 40, 0, 4, 0, 10, 0, 1, 0, 1]
False Pos: 
[144, 49, 3, 39, 0, 46, 25, 6, 0, 22]
False Neg: 
[21, 120, 39, 29, 30, 32, 24, 12, 14, 13]
MACRO Recall: 0.16849946478 Prec: 0.155785372725
MICRO Recall: 0.492401215805 Prec: 0.492401215805
Accuracy 0.492401215805
*~*~*~*~*~*~*~*~*~*~*~*~*~*~*~*~*~*~*~*~*~*~*~*~*~*~*~*~*~*~*~*~*~*~*~*~*~*~*~*~
Tested: 658
True Pos: 
[253, 45, 5, 8, 2, 2, 0, 0, 0, 0]
False Pos: 
[139, 80, 1, 44, 7, 21, 35, 9, 2, 5]
False Neg: 
[30, 95, 54, 20, 37, 44, 20, 22, 9, 12]
MACRO Recall: 0.168064186487 Prec: 0.230176639441
MICRO Recall: 0.478723404255 Prec: 0.478723404255
Accuracy 0.478723404255
*~*~*~*~*~*~*~*~*~*~*~*~*~*~*~*~*~*~*~*~*~*~*~*~*~*~*~*~*~*~*~*~*~*~*~*~*~*~*~*~
Tested: 658
True Pos: 
[232, 28, 2, 8, 9, 0, 1, 2, 0, 0]
False Pos: 
[143, 69, 9, 66, 49, 0, 5, 11, 17, 7]
False Neg: 
[18, 103, 80, 20, 28, 60, 15, 23, 14, 15]
MACRO Recall: 0.183758823088 Prec: 0.167293798471
MICRO Recall: 0.428571428571 Prec: 0.428571428571
Accuracy 0.428571428571
*~*~*~*~*~*~*~*~*~*~*~*~*~*~*~*~*~*~*~*~*~*~*~*~*~*~*~*~*~*~*~*~*~*~*~*~*~*~*~*~
Tested: 658
True Pos: 
[245, 47, 5, 22, 5, 0, 1, 1, 2, 0]
False Pos: 
[175, 43, 17, 64, 19, 1, 0, 2, 9, 0]
False Neg: 
[11, 127, 39, 23, 14, 29, 37, 9, 24, 17]
MACRO Recall: 0.229606820619 Prec: 0.33121270848
MICRO Recall: 0.498480243161 Prec: 0.498480243161
Accuracy 0.498480243161
*~*~*~*~*~*~*~*~*~*~*~*~*~*~*~*~*~*~*~*~*~*~*~*~*~*~*~*~*~*~*~*~*~*~*~*~*~*~*~*~
Tested: 658
True Pos: 
[184, 34, 3, 21, 3, 0, 1, 1, 1, 1]
False Pos: 
[235, 63, 3, 77, 10, 4, 2, 2, 9, 4]
False Neg: 
[11, 119, 64, 41, 21, 23, 60, 28, 28, 14]
MACRO Recall: 0.182632338917 Prec: 0.270137788709
MICRO Recall: 0.378419452888 Prec: 0.378419452888
Accuracy 0.378419452888
