*~*~*~*~*~*~*~*~*~*~*~*~*~*~*~*~*~*~*~*~*~*~*~*~*~*~*~*~*~*~*~*~*~*~*~*~*~*~*~*~
Tested: 659
True Pos: 
[269, 79, 11, 11, 8, 2, 1, 2, 0, 0]
False Pos: 
[82, 61, 22, 41, 25, 14, 15, 16, 0, 0]
False Neg: 
[48, 58, 14, 33, 25, 19, 23, 10, 27, 19]
MACRO Recall: 0.26612184484 Prec: 0.241657462907
MICRO Recall: 0.581183611533 Prec: 0.581183611533
Accuracy 0.581183611533
*~*~*~*~*~*~*~*~*~*~*~*~*~*~*~*~*~*~*~*~*~*~*~*~*~*~*~*~*~*~*~*~*~*~*~*~*~*~*~*~
Tested: 658
True Pos: 
[247, 95, 13, 14, 5, 5, 2, 1, 0, 0]
False Pos: 
[57, 64, 41, 38, 34, 13, 19, 10, 0, 0]
False Neg: 
[42, 48, 18, 34, 29, 24, 20, 15, 28, 18]
MACRO Recall: 0.270291015753 Prec: 0.251208587883
MICRO Recall: 0.580547112462 Prec: 0.580547112462
Accuracy 0.580547112462
*~*~*~*~*~*~*~*~*~*~*~*~*~*~*~*~*~*~*~*~*~*~*~*~*~*~*~*~*~*~*~*~*~*~*~*~*~*~*~*~
Tested: 658
True Pos: 
[180, 99, 15, 9, 7, 2, 2, 1, 0, 0]
False Pos: 
[75, 51, 37, 49, 61, 41, 17, 12, 0, 0]
False Neg: 
[33, 76, 32, 28, 41, 26, 40, 30, 17, 20]
MACRO Recall: 0.227031590456 Prec: 0.214115534439
MICRO Recall: 0.478723404255 Prec: 0.478723404255
Accuracy 0.478723404255
*~*~*~*~*~*~*~*~*~*~*~*~*~*~*~*~*~*~*~*~*~*~*~*~*~*~*~*~*~*~*~*~*~*~*~*~*~*~*~*~
Tested: 658
True Pos: 
[248, 85, 16, 8, 9, 7, 2, 3, 0, 0]
False Pos: 
[32, 55, 56, 45, 28, 34, 20, 10, 0, 0]
False Neg: 
[42, 48, 25, 26, 44, 26, 18, 19, 14, 18]
MACRO Recall: 0.273810434748 Prec: 0.260167603354
MICRO Recall: 0.574468085106 Prec: 0.574468085106
Accuracy 0.574468085106
*~*~*~*~*~*~*~*~*~*~*~*~*~*~*~*~*~*~*~*~*~*~*~*~*~*~*~*~*~*~*~*~*~*~*~*~*~*~*~*~
Tested: 658
True Pos: 
[287, 87, 15, 11, 6, 2, 1, 1, 0, 0]
False Pos: 
[37, 64, 44, 30, 26, 22, 11, 13, 1, 0]
False Neg: 
[40, 55, 11, 25, 28, 24, 21, 11, 20, 13]
MACRO Recall: 0.275501207374 Prec: 0.241008661869
MICRO Recall: 0.623100303951 Prec: 0.623100303951
Accuracy 0.623100303951
*~*~*~*~*~*~*~*~*~*~*~*~*~*~*~*~*~*~*~*~*~*~*~*~*~*~*~*~*~*~*~*~*~*~*~*~*~*~*~*~
Tested: 658
True Pos: 
[235, 103, 16, 6, 3, 17, 5, 0, 0, 0]
False Pos: 
[39, 58, 40, 39, 36, 27, 23, 11, 0, 0]
False Neg: 
[54, 57, 23, 27, 27, 25, 19, 13, 14, 14]
MACRO Recall: 0.27620686191 Prec: 0.255832154728
MICRO Recall: 0.585106382979 Prec: 0.585106382979
Accuracy 0.585106382979
*~*~*~*~*~*~*~*~*~*~*~*~*~*~*~*~*~*~*~*~*~*~*~*~*~*~*~*~*~*~*~*~*~*~*~*~*~*~*~*~
Tested: 658
True Pos: 
[236, 92, 32, 6, 7, 11, 3, 3, 0, 0]
False Pos: 
[35, 63, 43, 41, 21, 28, 21, 15, 0, 1]
False Neg: 
[47, 48, 27, 22, 32, 35, 17, 19, 9, 12]
MACRO Recall: 0.29527049649 Prec: 0.284244128544
MICRO Recall: 0.592705167173 Prec: 0.592705167173
Accuracy 0.592705167173
*~*~*~*~*~*~*~*~*~*~*~*~*~*~*~*~*~*~*~*~*~*~*~*~*~*~*~*~*~*~*~*~*~*~*~*~*~*~*~*~
Tested: 658
True Pos: 
[208, 82, 37, 8, 5, 12, 0, 7, 0, 0]
False Pos: 
[50, 78, 43, 41, 21, 15, 28, 22, 1, 0]
False Neg: 
[42, 49, 45, 20, 32, 48, 16, 18, 14, 15]
MACRO Recall: 0.281002313152 Prec: 0.282259830361
MICRO Recall: 0.545592705167 Prec: 0.545592705167
Accuracy 0.545592705167
*~*~*~*~*~*~*~*~*~*~*~*~*~*~*~*~*~*~*~*~*~*~*~*~*~*~*~*~*~*~*~*~*~*~*~*~*~*~*~*~
Tested: 658
True Pos: 
[216, 115, 22, 12, 7, 12, 6, 0, 1, 0]
False Pos: 
[42, 60, 40, 32, 36, 24, 12, 20, 1, 0]
False Neg: 
[40, 59, 22, 33, 12, 17, 32, 10, 25, 17]
MACRO Recall: 0.324990663828 Prec: 0.345137550621
MICRO Recall: 0.594224924012 Prec: 0.594224924012
Accuracy 0.594224924012
*~*~*~*~*~*~*~*~*~*~*~*~*~*~*~*~*~*~*~*~*~*~*~*~*~*~*~*~*~*~*~*~*~*~*~*~*~*~*~*~
Tested: 658
True Pos: 
[156, 104, 16, 24, 7, 4, 14, 3, 0, 0]
False Pos: 
[38, 83, 30, 45, 40, 43, 28, 23, 0, 0]
False Neg: 
[39, 49, 51, 38, 17, 19, 47, 26, 29, 15]
MACRO Recall: 0.290417748916 Prec: 0.273868611978
MICRO Recall: 0.498480243161 Prec: 0.498480243161
Accuracy 0.498480243161
