*~*~*~*~*~*~*~*~*~*~*~*~*~*~*~*~*~*~*~*~*~*~*~*~*~*~*~*~*~*~*~*~*~*~*~*~*~*~*~*~
Tested: 658
True Pos: 
[284, 117, 20, 30, 25, 10, 3, 3, 0, 0]
False Pos: 
[22, 54, 26, 43, 5, 6, 2, 6, 2, 0]
False Neg: 
[33, 19, 5, 14, 8, 11, 21, 9, 27, 19]
MACRO Recall: 0.484677758686 Prec: 0.484972328095
MICRO Recall: 0.747720364742 Prec: 0.747720364742
Accuracy 0.747720364742
*~*~*~*~*~*~*~*~*~*~*~*~*~*~*~*~*~*~*~*~*~*~*~*~*~*~*~*~*~*~*~*~*~*~*~*~*~*~*~*~
Tested: 658
True Pos: 
[268, 122, 20, 35, 21, 16, 4, 7, 0, 0]
False Pos: 
[12, 47, 26, 55, 10, 8, 2, 5, 0, 0]
False Neg: 
[21, 21, 11, 13, 13, 13, 18, 9, 28, 18]
MACRO Recall: 0.494349982885 Prec: 0.509679386736
MICRO Recall: 0.749240121581 Prec: 0.749240121581
Accuracy 0.749240121581
*~*~*~*~*~*~*~*~*~*~*~*~*~*~*~*~*~*~*~*~*~*~*~*~*~*~*~*~*~*~*~*~*~*~*~*~*~*~*~*~
Tested: 657
True Pos: 
[192, 140, 29, 22, 29, 18, 13, 6, 0, 0]
False Pos: 
[40, 59, 26, 41, 18, 11, 8, 5, 0, 0]
False Neg: 
[21, 36, 18, 15, 19, 10, 29, 23, 17, 20]
MACRO Recall: 0.467192303812 Prec: 0.480979596759
MICRO Recall: 0.683409436834 Prec: 0.683409436834
Accuracy 0.683409436834
*~*~*~*~*~*~*~*~*~*~*~*~*~*~*~*~*~*~*~*~*~*~*~*~*~*~*~*~*~*~*~*~*~*~*~*~*~*~*~*~
Tested: 657
True Pos: 
[265, 113, 33, 20, 37, 19, 4, 6, 0, 0]
False Pos: 
[24, 44, 30, 30, 7, 11, 5, 9, 0, 0]
False Neg: 
[26, 18, 8, 14, 16, 14, 16, 16, 14, 18]
MACRO Recall: 0.491295973974 Prec: 0.487919663273
MICRO Recall: 0.756468797565 Prec: 0.756468797565
Accuracy 0.756468797565
*~*~*~*~*~*~*~*~*~*~*~*~*~*~*~*~*~*~*~*~*~*~*~*~*~*~*~*~*~*~*~*~*~*~*~*~*~*~*~*~
Tested: 657
True Pos: 
[303, 115, 19, 27, 23, 18, 4, 4, 0, 0]
False Pos: 
[22, 39, 14, 37, 12, 9, 3, 8, 0, 0]
False Neg: 
[23, 27, 7, 9, 11, 8, 18, 8, 20, 13]
MACRO Recall: 0.510400603415 Prec: 0.490526494339
MICRO Recall: 0.780821917808 Prec: 0.780821917808
Accuracy 0.780821917808
*~*~*~*~*~*~*~*~*~*~*~*~*~*~*~*~*~*~*~*~*~*~*~*~*~*~*~*~*~*~*~*~*~*~*~*~*~*~*~*~
Tested: 657
True Pos: 
[264, 132, 23, 26, 15, 29, 8, 2, 0, 0]
False Pos: 
[28, 45, 26, 32, 5, 9, 7, 6, 0, 0]
False Neg: 
[25, 28, 16, 7, 14, 13, 16, 11, 14, 14]
MACRO Recall: 0.481101424428 Prec: 0.486402714615
MICRO Recall: 0.759512937595 Prec: 0.759512937595
Accuracy 0.759512937595
*~*~*~*~*~*~*~*~*~*~*~*~*~*~*~*~*~*~*~*~*~*~*~*~*~*~*~*~*~*~*~*~*~*~*~*~*~*~*~*~
Tested: 657
True Pos: 
[249, 119, 47, 17, 26, 27, 5, 3, 0, 0]
False Pos: 
[21, 50, 19, 35, 10, 13, 8, 8, 0, 0]
False Neg: 
[33, 21, 12, 11, 14, 19, 15, 18, 9, 12]
MACRO Recall: 0.476654541463 Prec: 0.471997340267
MICRO Recall: 0.750380517504 Prec: 0.750380517504
Accuracy 0.750380517504
*~*~*~*~*~*~*~*~*~*~*~*~*~*~*~*~*~*~*~*~*~*~*~*~*~*~*~*~*~*~*~*~*~*~*~*~*~*~*~*~
Tested: 657
True Pos: 
[223, 103, 55, 16, 17, 34, 4, 1, 0, 0]
False Pos: 
[18, 56, 20, 44, 15, 36, 10, 5, 0, 0]
False Neg: 
[28, 28, 28, 12, 20, 26, 12, 21, 14, 15]
MACRO Recall: 0.423036560254 Prec: 0.404245518355
MICRO Recall: 0.689497716895 Prec: 0.689497716895
Accuracy 0.689497716895
*~*~*~*~*~*~*~*~*~*~*~*~*~*~*~*~*~*~*~*~*~*~*~*~*~*~*~*~*~*~*~*~*~*~*~*~*~*~*~*~
Tested: 657
True Pos: 
[241, 150, 31, 27, 13, 20, 24, 1, 0, 0]
False Pos: 
[20, 48, 16, 35, 10, 11, 4, 6, 0, 0]
False Neg: 
[16, 23, 12, 18, 6, 9, 14, 9, 26, 17]
MACRO Recall: 0.523117009244 Prec: 0.498638442577
MICRO Recall: 0.771689497717 Prec: 0.771689497717
Accuracy 0.771689497717
*~*~*~*~*~*~*~*~*~*~*~*~*~*~*~*~*~*~*~*~*~*~*~*~*~*~*~*~*~*~*~*~*~*~*~*~*~*~*~*~
Tested: 657
True Pos: 
[172, 136, 45, 46, 14, 14, 25, 2, 0, 0]
False Pos: 
[16, 59, 42, 60, 6, 6, 8, 4, 2, 0]
False Neg: 
[22, 17, 22, 16, 10, 9, 36, 27, 29, 15]
MACRO Recall: 0.485989467027 Prec: 0.505444224883
MICRO Recall: 0.69101978691 Prec: 0.69101978691
Accuracy 0.69101978691
