*~*~*~*~*~*~*~*~*~*~*~*~*~*~*~*~*~*~*~*~*~*~*~*~*~*~*~*~*~*~*~*~*~*~*~*~*~*~*~*~
Tested: 658
True Pos: 
[302, 129, 16, 27, 22, 12, 9, 4, 1, 2]
False Pos: 
[11, 51, 14, 38, 6, 0, 7, 2, 3, 2]
False Neg: 
[15, 7, 9, 17, 11, 9, 15, 8, 26, 17]
MACRO Recall: 0.524357592977 Prec: 0.63951217978
MICRO Recall: 0.796352583587 Prec: 0.796352583587
Accuracy 0.796352583587
*~*~*~*~*~*~*~*~*~*~*~*~*~*~*~*~*~*~*~*~*~*~*~*~*~*~*~*~*~*~*~*~*~*~*~*~*~*~*~*~
Tested: 658
True Pos: 
[272, 136, 22, 24, 26, 19, 2, 5, 6, 0]
False Pos: 
[10, 60, 22, 28, 7, 5, 1, 4, 9, 0]
False Neg: 
[17, 7, 9, 24, 8, 10, 20, 11, 22, 18]
MACRO Recall: 0.513947594233 Prec: 0.582172269642
MICRO Recall: 0.77811550152 Prec: 0.77811550152
Accuracy 0.77811550152
*~*~*~*~*~*~*~*~*~*~*~*~*~*~*~*~*~*~*~*~*~*~*~*~*~*~*~*~*~*~*~*~*~*~*~*~*~*~*~*~
Tested: 657
True Pos: 
[193, 165, 27, 20, 32, 20, 19, 6, 2, 3]
False Pos: 
[5, 70, 19, 26, 19, 9, 10, 3, 5, 4]
False Neg: 
[20, 11, 20, 17, 16, 8, 23, 23, 15, 17]
MACRO Recall: 0.526648885591 Prec: 0.605184521231
MICRO Recall: 0.741248097412 Prec: 0.741248097412
Accuracy 0.741248097412
*~*~*~*~*~*~*~*~*~*~*~*~*~*~*~*~*~*~*~*~*~*~*~*~*~*~*~*~*~*~*~*~*~*~*~*~*~*~*~*~
Tested: 657
True Pos: 
[274, 122, 31, 16, 34, 18, 6, 7, 2, 2]
False Pos: 
[11, 50, 25, 24, 4, 9, 6, 6, 3, 7]
False Neg: 
[17, 9, 10, 18, 19, 15, 14, 15, 12, 16]
MACRO Recall: 0.515867831377 Prec: 0.584636453238
MICRO Recall: 0.779299847793 Prec: 0.779299847793
Accuracy 0.779299847793
*~*~*~*~*~*~*~*~*~*~*~*~*~*~*~*~*~*~*~*~*~*~*~*~*~*~*~*~*~*~*~*~*~*~*~*~*~*~*~*~
Tested: 657
True Pos: 
[309, 128, 18, 22, 24, 15, 7, 3, 0, 1]
False Pos: 
[10, 41, 14, 31, 6, 13, 5, 5, 2, 3]
False Neg: 
[17, 14, 8, 14, 10, 11, 15, 9, 20, 12]
MACRO Recall: 0.508059033983 Prec: 0.524769044599
MICRO Recall: 0.802130898021 Prec: 0.802130898021
Accuracy 0.802130898021
*~*~*~*~*~*~*~*~*~*~*~*~*~*~*~*~*~*~*~*~*~*~*~*~*~*~*~*~*~*~*~*~*~*~*~*~*~*~*~*~
Tested: 657
True Pos: 
[266, 146, 25, 23, 15, 27, 9, 4, 0, 1]
False Pos: 
[19, 43, 23, 29, 2, 7, 8, 8, 1, 1]
False Neg: 
[23, 14, 14, 10, 14, 15, 15, 9, 14, 13]
MACRO Recall: 0.50851299642 Prec: 0.570817681774
MICRO Recall: 0.785388127854 Prec: 0.785388127854
Accuracy 0.785388127854
*~*~*~*~*~*~*~*~*~*~*~*~*~*~*~*~*~*~*~*~*~*~*~*~*~*~*~*~*~*~*~*~*~*~*~*~*~*~*~*~
Tested: 657
True Pos: 
[260, 130, 47, 17, 17, 31, 6, 2, 1, 1]
False Pos: 
[16, 60, 20, 24, 2, 6, 6, 8, 2, 1]
False Neg: 
[22, 10, 12, 11, 23, 15, 14, 19, 8, 11]
MACRO Recall: 0.494290585397 Prec: 0.600827420875
MICRO Recall: 0.779299847793 Prec: 0.779299847793
Accuracy 0.779299847793
*~*~*~*~*~*~*~*~*~*~*~*~*~*~*~*~*~*~*~*~*~*~*~*~*~*~*~*~*~*~*~*~*~*~*~*~*~*~*~*~
Tested: 657
True Pos: 
[225, 113, 62, 17, 14, 35, 5, 2, 1, 0]
False Pos: 
[10, 78, 20, 33, 6, 18, 13, 4, 1, 0]
False Neg: 
[26, 18, 21, 11, 23, 25, 11, 20, 13, 15]
MACRO Recall: 0.454968994548 Prec: 0.511665587574
MICRO Recall: 0.721461187215 Prec: 0.721461187215
Accuracy 0.721461187215
*~*~*~*~*~*~*~*~*~*~*~*~*~*~*~*~*~*~*~*~*~*~*~*~*~*~*~*~*~*~*~*~*~*~*~*~*~*~*~*~
Tested: 657
True Pos: 
[244, 165, 32, 21, 11, 17, 28, 2, 2, 1]
False Pos: 
[9, 60, 12, 28, 2, 4, 4, 6, 4, 5]
False Neg: 
[13, 8, 11, 24, 8, 12, 10, 8, 24, 16]
MACRO Recall: 0.53517692576 Prec: 0.613428202233
MICRO Recall: 0.79604261796 Prec: 0.79604261796
Accuracy 0.79604261796
*~*~*~*~*~*~*~*~*~*~*~*~*~*~*~*~*~*~*~*~*~*~*~*~*~*~*~*~*~*~*~*~*~*~*~*~*~*~*~*~
Tested: 657
True Pos: 
[178, 150, 45, 33, 12, 16, 38, 11, 6, 2]
False Pos: 
[5, 58, 21, 34, 2, 11, 14, 10, 9, 2]
False Neg: 
[16, 3, 22, 29, 12, 7, 23, 18, 23, 13]
MACRO Recall: 0.563996100909 Prec: 0.647250114135
MICRO Recall: 0.747336377473 Prec: 0.747336377473
Accuracy 0.747336377473
