*~*~*~*~*~*~*~*~*~*~*~*~*~*~*~*~*~*~*~*~*~*~*~*~*~*~*~*~*~*~*~*~*~*~*~*~*~*~*~*~
Tested: 659
True Pos: 
[304, 105, 19, 19, 15, 10, 7, 3, 2, 1]
False Pos: 
[50, 19, 23, 34, 24, 8, 4, 4, 5, 3]
False Neg: 
[13, 32, 6, 25, 18, 11, 17, 9, 25, 18]
MACRO Recall: 0.451634032618 Prec: 0.505722306493
MICRO Recall: 0.735963581184 Prec: 0.735963581184
Accuracy 0.735963581184
*~*~*~*~*~*~*~*~*~*~*~*~*~*~*~*~*~*~*~*~*~*~*~*~*~*~*~*~*~*~*~*~*~*~*~*~*~*~*~*~
Tested: 658
True Pos: 
[273, 127, 21, 26, 13, 14, 7, 3, 0, 2]
False Pos: 
[24, 24, 20, 45, 19, 11, 7, 13, 3, 6]
False Neg: 
[16, 16, 10, 22, 21, 15, 15, 13, 28, 16]
MACRO Recall: 0.453373907898 Prec: 0.454239382689
MICRO Recall: 0.738601823708 Prec: 0.738601823708
Accuracy 0.738601823708
*~*~*~*~*~*~*~*~*~*~*~*~*~*~*~*~*~*~*~*~*~*~*~*~*~*~*~*~*~*~*~*~*~*~*~*~*~*~*~*~
Tested: 658
True Pos: 
[195, 145, 32, 13, 30, 14, 10, 5, 0, 1]
False Pos: 
[47, 35, 34, 31, 33, 14, 9, 2, 4, 4]
False Neg: 
[18, 30, 15, 24, 18, 14, 32, 26, 17, 19]
MACRO Recall: 0.435065236217 Prec: 0.480843568978
MICRO Recall: 0.676291793313 Prec: 0.676291793313
Accuracy 0.676291793313
*~*~*~*~*~*~*~*~*~*~*~*~*~*~*~*~*~*~*~*~*~*~*~*~*~*~*~*~*~*~*~*~*~*~*~*~*~*~*~*~
Tested: 658
True Pos: 
[273, 115, 33, 10, 39, 20, 8, 3, 0, 2]
False Pos: 
[21, 19, 14, 29, 32, 17, 7, 8, 2, 6]
False Neg: 
[17, 18, 8, 24, 14, 13, 12, 19, 14, 16]
MACRO Recall: 0.489442107046 Prec: 0.489121522103
MICRO Recall: 0.76443768997 Prec: 0.76443768997
Accuracy 0.76443768997
*~*~*~*~*~*~*~*~*~*~*~*~*~*~*~*~*~*~*~*~*~*~*~*~*~*~*~*~*~*~*~*~*~*~*~*~*~*~*~*~
Tested: 658
True Pos: 
[312, 128, 15, 19, 25, 17, 9, 3, 2, 1]
False Pos: 
[18, 20, 12, 23, 11, 17, 9, 11, 3, 3]
False Neg: 
[15, 14, 11, 17, 9, 9, 13, 9, 18, 12]
MACRO Recall: 0.518539200328 Prec: 0.537698607699
MICRO Recall: 0.806990881459 Prec: 0.806990881459
Accuracy 0.806990881459
*~*~*~*~*~*~*~*~*~*~*~*~*~*~*~*~*~*~*~*~*~*~*~*~*~*~*~*~*~*~*~*~*~*~*~*~*~*~*~*~
Tested: 658
True Pos: 
[267, 149, 27, 16, 21, 28, 5, 3, 0, 1]
False Pos: 
[19, 27, 17, 23, 26, 8, 7, 9, 1, 4]
False Neg: 
[22, 11, 12, 17, 9, 14, 19, 10, 14, 13]
MACRO Recall: 0.490947941188 Prec: 0.489530307163
MICRO Recall: 0.785714285714 Prec: 0.785714285714
Accuracy 0.785714285714
*~*~*~*~*~*~*~*~*~*~*~*~*~*~*~*~*~*~*~*~*~*~*~*~*~*~*~*~*~*~*~*~*~*~*~*~*~*~*~*~
Tested: 658
True Pos: 
[259, 129, 47, 11, 23, 37, 5, 8, 0, 3]
False Pos: 
[17, 29, 17, 22, 24, 7, 5, 10, 0, 5]
False Neg: 
[24, 11, 12, 17, 16, 9, 15, 14, 9, 9]
MACRO Recall: 0.528381800953 Prec: 0.547228506412
MICRO Recall: 0.793313069909 Prec: 0.793313069909
Accuracy 0.793313069909
*~*~*~*~*~*~*~*~*~*~*~*~*~*~*~*~*~*~*~*~*~*~*~*~*~*~*~*~*~*~*~*~*~*~*~*~*~*~*~*~
Tested: 658
True Pos: 
[231, 119, 53, 12, 21, 33, 8, 4, 1, 1]
False Pos: 
[20, 34, 11, 25, 36, 16, 23, 7, 2, 1]
False Neg: 
[19, 12, 29, 16, 16, 27, 8, 21, 13, 14]
MACRO Recall: 0.482297264421 Prec: 0.534747048069
MICRO Recall: 0.734042553191 Prec: 0.734042553191
Accuracy 0.734042553191
*~*~*~*~*~*~*~*~*~*~*~*~*~*~*~*~*~*~*~*~*~*~*~*~*~*~*~*~*~*~*~*~*~*~*~*~*~*~*~*~
Tested: 658
True Pos: 
[239, 162, 31, 24, 11, 20, 16, 2, 2, 0]
False Pos: 
[18, 19, 22, 35, 25, 12, 9, 5, 6, 0]
False Neg: 
[17, 12, 13, 21, 8, 9, 22, 8, 24, 17]
MACRO Recall: 0.506908526997 Prec: 0.492294387647
MICRO Recall: 0.770516717325 Prec: 0.770516717325
Accuracy 0.770516717325
*~*~*~*~*~*~*~*~*~*~*~*~*~*~*~*~*~*~*~*~*~*~*~*~*~*~*~*~*~*~*~*~*~*~*~*~*~*~*~*~
Tested: 658
True Pos: 
[183, 143, 48, 21, 17, 17, 28, 10, 3, 1]
False Pos: 
[32, 16, 31, 20, 44, 11, 10, 8, 6, 9]
False Neg: 
[12, 10, 19, 41, 7, 6, 33, 19, 26, 14]
MACRO Recall: 0.53496523395 Prec: 0.548188629443
MICRO Recall: 0.715805471125 Prec: 0.715805471125
Accuracy 0.715805471125
