*~*~*~*~*~*~*~*~*~*~*~*~*~*~*~*~*~*~*~*~*~*~*~*~*~*~*~*~*~*~*~*~*~*~*~*~*~*~*~*~
Tested: 659
True Pos: 
[310, 126, 19, 23, 18, 10, 4, 1, 2, 5]
False Pos: 
[34, 38, 17, 23, 5, 4, 8, 3, 2, 7]
False Neg: 
[7, 11, 6, 21, 15, 11, 20, 11, 25, 14]
MACRO Recall: 0.478923027345 Prec: 0.569412766134
MICRO Recall: 0.786039453718 Prec: 0.786039453718
Accuracy 0.786039453718
*~*~*~*~*~*~*~*~*~*~*~*~*~*~*~*~*~*~*~*~*~*~*~*~*~*~*~*~*~*~*~*~*~*~*~*~*~*~*~*~
Tested: 658
True Pos: 
[279, 135, 15, 23, 27, 16, 8, 5, 0, 3]
False Pos: 
[27, 48, 19, 22, 8, 9, 8, 1, 0, 5]
False Neg: 
[10, 8, 16, 25, 7, 13, 14, 11, 28, 15]
MACRO Recall: 0.506113631763 Prec: 0.572151911038
MICRO Recall: 0.776595744681 Prec: 0.776595744681
Accuracy 0.776595744681
*~*~*~*~*~*~*~*~*~*~*~*~*~*~*~*~*~*~*~*~*~*~*~*~*~*~*~*~*~*~*~*~*~*~*~*~*~*~*~*~
Tested: 658
True Pos: 
[196, 166, 32, 24, 32, 14, 15, 12, 4, 1]
False Pos: 
[27, 62, 23, 26, 5, 5, 4, 2, 6, 2]
False Neg: 
[17, 9, 15, 13, 16, 14, 27, 19, 13, 19]
MACRO Recall: 0.539445935013 Prec: 0.665046896889
MICRO Recall: 0.753799392097 Prec: 0.753799392097
Accuracy 0.753799392097
*~*~*~*~*~*~*~*~*~*~*~*~*~*~*~*~*~*~*~*~*~*~*~*~*~*~*~*~*~*~*~*~*~*~*~*~*~*~*~*~
Tested: 658
True Pos: 
[276, 122, 34, 16, 39, 24, 5, 5, 2, 2]
False Pos: 
[23, 35, 20, 19, 6, 17, 4, 1, 6, 2]
False Neg: 
[14, 11, 7, 18, 14, 9, 15, 17, 12, 16]
MACRO Recall: 0.536323666411 Prec: 0.637784088276
MICRO Recall: 0.797872340426 Prec: 0.797872340426
Accuracy 0.797872340426
*~*~*~*~*~*~*~*~*~*~*~*~*~*~*~*~*~*~*~*~*~*~*~*~*~*~*~*~*~*~*~*~*~*~*~*~*~*~*~*~
Tested: 658
True Pos: 
[314, 130, 19, 27, 20, 15, 8, 3, 1, 1]
False Pos: 
[15, 35, 18, 33, 6, 4, 5, 1, 2, 1]
False Neg: 
[13, 12, 7, 9, 14, 11, 14, 9, 19, 12]
MACRO Recall: 0.526222464843 Prec: 0.646322199838
MICRO Recall: 0.817629179331 Prec: 0.817629179331
Accuracy 0.817629179331
*~*~*~*~*~*~*~*~*~*~*~*~*~*~*~*~*~*~*~*~*~*~*~*~*~*~*~*~*~*~*~*~*~*~*~*~*~*~*~*~
Tested: 658
True Pos: 
[274, 153, 26, 24, 19, 29, 8, 1, 1, 1]
False Pos: 
[16, 36, 16, 30, 6, 8, 6, 1, 2, 1]
False Neg: 
[15, 7, 13, 9, 11, 13, 16, 12, 13, 13]
MACRO Recall: 0.517520935668 Prec: 0.626638914777
MICRO Recall: 0.814589665653 Prec: 0.814589665653
Accuracy 0.814589665653
*~*~*~*~*~*~*~*~*~*~*~*~*~*~*~*~*~*~*~*~*~*~*~*~*~*~*~*~*~*~*~*~*~*~*~*~*~*~*~*~
Tested: 658
True Pos: 
[265, 128, 47, 15, 21, 28, 8, 7, 0, 1]
False Pos: 
[26, 46, 17, 22, 9, 7, 6, 3, 1, 1]
False Neg: 
[18, 12, 12, 13, 18, 18, 12, 15, 9, 11]
MACRO Recall: 0.513167827136 Prec: 0.60574940817
MICRO Recall: 0.790273556231 Prec: 0.790273556231
Accuracy 0.790273556231
*~*~*~*~*~*~*~*~*~*~*~*~*~*~*~*~*~*~*~*~*~*~*~*~*~*~*~*~*~*~*~*~*~*~*~*~*~*~*~*~
Tested: 658
True Pos: 
[235, 122, 52, 16, 17, 35, 3, 6, 2, 0]
False Pos: 
[20, 65, 19, 25, 12, 15, 4, 6, 4, 0]
False Neg: 
[15, 9, 30, 12, 20, 25, 13, 19, 12, 15]
MACRO Recall: 0.469002255847 Prec: 0.524472497166
MICRO Recall: 0.741641337386 Prec: 0.741641337386
Accuracy 0.741641337386
*~*~*~*~*~*~*~*~*~*~*~*~*~*~*~*~*~*~*~*~*~*~*~*~*~*~*~*~*~*~*~*~*~*~*~*~*~*~*~*~
Tested: 658
True Pos: 
[251, 161, 30, 28, 7, 23, 30, 2, 3, 1]
False Pos: 
[30, 27, 9, 32, 1, 8, 4, 5, 4, 2]
False Neg: 
[5, 13, 14, 17, 12, 6, 8, 8, 23, 16]
MACRO Recall: 0.553500284028 Prec: 0.653242632145
MICRO Recall: 0.814589665653 Prec: 0.814589665653
Accuracy 0.814589665653
*~*~*~*~*~*~*~*~*~*~*~*~*~*~*~*~*~*~*~*~*~*~*~*~*~*~*~*~*~*~*~*~*~*~*~*~*~*~*~*~
Tested: 658
True Pos: 
[183, 145, 40, 32, 12, 18, 40, 10, 2, 2]
False Pos: 
[41, 52, 17, 29, 2, 5, 13, 7, 4, 4]
False Neg: 
[12, 8, 27, 30, 12, 5, 21, 19, 27, 13]
MACRO Recall: 0.548479075175 Prec: 0.642871993946
MICRO Recall: 0.73556231003 Prec: 0.73556231003
Accuracy 0.73556231003
