*~*~*~*~*~*~*~*~*~*~*~*~*~*~*~*~*~*~*~*~*~*~*~*~*~*~*~*~*~*~*~*~*~*~*~*~*~*~*~*~
Tested: 659
True Pos: 
[305, 110, 19, 37, 26, 13, 9, 7, 0, 0]
False Pos: 
[23, 18, 19, 43, 10, 5, 8, 7, 0, 0]
False Neg: 
[12, 27, 6, 7, 7, 8, 15, 5, 27, 19]
MACRO Recall: 0.573123364961 Prec: 0.522560925793
MICRO Recall: 0.798179059181 Prec: 0.798179059181
Accuracy 0.798179059181
*~*~*~*~*~*~*~*~*~*~*~*~*~*~*~*~*~*~*~*~*~*~*~*~*~*~*~*~*~*~*~*~*~*~*~*~*~*~*~*~
Tested: 658
True Pos: 
[274, 126, 22, 41, 29, 14, 7, 6, 0, 0]
False Pos: 
[17, 26, 25, 49, 8, 6, 7, 1, 0, 0]
False Neg: 
[15, 17, 9, 7, 5, 15, 15, 10, 28, 18]
MACRO Recall: 0.54219414683 Prec: 0.55350954273
MICRO Recall: 0.788753799392 Prec: 0.788753799392
Accuracy 0.788753799392
*~*~*~*~*~*~*~*~*~*~*~*~*~*~*~*~*~*~*~*~*~*~*~*~*~*~*~*~*~*~*~*~*~*~*~*~*~*~*~*~
Tested: 658
True Pos: 
[196, 150, 30, 31, 39, 14, 20, 20, 0, 1]
False Pos: 
[29, 28, 19, 38, 14, 13, 11, 3, 0, 2]
False Neg: 
[17, 25, 17, 6, 9, 14, 22, 11, 17, 19]
MACRO Recall: 0.573731812726 Prec: 0.587775541677
MICRO Recall: 0.761398176292 Prec: 0.761398176292
Accuracy 0.761398176292
*~*~*~*~*~*~*~*~*~*~*~*~*~*~*~*~*~*~*~*~*~*~*~*~*~*~*~*~*~*~*~*~*~*~*~*~*~*~*~*~
Tested: 658
True Pos: 
[277, 118, 32, 27, 42, 20, 7, 11, 0, 0]
False Pos: 
[23, 20, 17, 34, 14, 9, 5, 2, 0, 0]
False Neg: 
[13, 15, 9, 7, 11, 13, 13, 11, 14, 18]
MACRO Recall: 0.566550934709 Prec: 0.574323232431
MICRO Recall: 0.811550151976 Prec: 0.811550151976
Accuracy 0.811550151976
*~*~*~*~*~*~*~*~*~*~*~*~*~*~*~*~*~*~*~*~*~*~*~*~*~*~*~*~*~*~*~*~*~*~*~*~*~*~*~*~
Tested: 658
True Pos: 
[310, 114, 19, 31, 31, 14, 7, 3, 0, 0]
False Pos: 
[20, 19, 24, 36, 18, 6, 4, 2, 0, 0]
False Neg: 
[17, 28, 7, 5, 3, 12, 15, 9, 20, 13]
MACRO Recall: 0.536111753823 Prec: 0.527010052641
MICRO Recall: 0.803951367781 Prec: 0.803951367781
Accuracy 0.803951367781
*~*~*~*~*~*~*~*~*~*~*~*~*~*~*~*~*~*~*~*~*~*~*~*~*~*~*~*~*~*~*~*~*~*~*~*~*~*~*~*~
Tested: 658
True Pos: 
[266, 139, 28, 27, 19, 27, 7, 4, 0, 0]
False Pos: 
[20, 27, 26, 30, 11, 13, 10, 4, 0, 0]
False Neg: 
[23, 21, 11, 6, 11, 15, 17, 9, 14, 14]
MACRO Recall: 0.520084521159 Prec: 0.497972009592
MICRO Recall: 0.785714285714 Prec: 0.785714285714
Accuracy 0.785714285714
*~*~*~*~*~*~*~*~*~*~*~*~*~*~*~*~*~*~*~*~*~*~*~*~*~*~*~*~*~*~*~*~*~*~*~*~*~*~*~*~
Tested: 658
True Pos: 
[258, 122, 45, 20, 29, 34, 6, 10, 0, 0]
False Pos: 
[19, 32, 24, 27, 8, 7, 8, 9, 0, 0]
False Neg: 
[25, 18, 14, 8, 10, 12, 14, 12, 9, 12]
MACRO Recall: 0.549735256042 Prec: 0.536926085689
MICRO Recall: 0.796352583587 Prec: 0.796352583587
Accuracy 0.796352583587
*~*~*~*~*~*~*~*~*~*~*~*~*~*~*~*~*~*~*~*~*~*~*~*~*~*~*~*~*~*~*~*~*~*~*~*~*~*~*~*~
Tested: 658
True Pos: 
[227, 106, 64, 20, 22, 34, 2, 10, 0, 0]
False Pos: 
[20, 46, 27, 34, 21, 13, 3, 9, 0, 0]
False Neg: 
[23, 25, 18, 8, 15, 26, 14, 15, 14, 15]
MACRO Recall: 0.489819508577 Prec: 0.485141178657
MICRO Recall: 0.737082066869 Prec: 0.737082066869
Accuracy 0.737082066869
*~*~*~*~*~*~*~*~*~*~*~*~*~*~*~*~*~*~*~*~*~*~*~*~*~*~*~*~*~*~*~*~*~*~*~*~*~*~*~*~
Tested: 658
True Pos: 
[240, 152, 32, 40, 15, 23, 21, 2, 0, 1]
False Pos: 
[20, 32, 15, 48, 3, 7, 3, 2, 0, 2]
False Neg: 
[16, 22, 12, 5, 4, 6, 17, 8, 26, 16]
MACRO Recall: 0.58212570754 Prec: 0.619289373131
MICRO Recall: 0.799392097264 Prec: 0.799392097264
Accuracy 0.799392097264
*~*~*~*~*~*~*~*~*~*~*~*~*~*~*~*~*~*~*~*~*~*~*~*~*~*~*~*~*~*~*~*~*~*~*~*~*~*~*~*~
Tested: 658
True Pos: 
[183, 128, 51, 56, 18, 20, 35, 12, 0, 0]
False Pos: 
[20, 15, 30, 52, 9, 11, 13, 5, 0, 0]
False Neg: 
[12, 25, 16, 6, 6, 3, 26, 17, 29, 15]
MACRO Recall: 0.60466114946 Prec: 0.569160785236
MICRO Recall: 0.76443768997 Prec: 0.76443768997
Accuracy 0.76443768997
