*~*~*~*~*~*~*~*~*~*~*~*~*~*~*~*~*~*~*~*~*~*~*~*~*~*~*~*~*~*~*~*~*~*~*~*~*~*~*~*~
Tested: 659
True Pos: 
[285, 95, 7, 30, 24, 13, 14, 9, 5, 2]
False Pos: 
[38, 32, 15, 37, 9, 9, 17, 5, 10, 3]
False Neg: 
[32, 42, 18, 14, 9, 8, 10, 3, 22, 17]
MACRO Recall: 0.552440448925 Prec: 0.554231264705
MICRO Recall: 0.734446130501 Prec: 0.734446130501
Accuracy 0.734446130501
*~*~*~*~*~*~*~*~*~*~*~*~*~*~*~*~*~*~*~*~*~*~*~*~*~*~*~*~*~*~*~*~*~*~*~*~*~*~*~*~
Tested: 658
True Pos: 
[259, 102, 13, 27, 28, 16, 11, 9, 7, 2]
False Pos: 
[35, 31, 17, 34, 12, 16, 13, 4, 16, 6]
False Neg: 
[30, 41, 18, 21, 6, 13, 11, 7, 21, 16]
MACRO Recall: 0.539019998443 Prec: 0.542881481007
MICRO Recall: 0.720364741641 Prec: 0.720364741641
Accuracy 0.720364741641
*~*~*~*~*~*~*~*~*~*~*~*~*~*~*~*~*~*~*~*~*~*~*~*~*~*~*~*~*~*~*~*~*~*~*~*~*~*~*~*~
Tested: 658
True Pos: 
[175, 138, 19, 19, 35, 15, 15, 17, 4, 5]
False Pos: 
[35, 54, 17, 29, 11, 23, 18, 10, 5, 14]
False Neg: 
[38, 37, 28, 18, 13, 13, 27, 14, 13, 15]
MACRO Recall: 0.518364152931 Prec: 0.542307827512
MICRO Recall: 0.671732522796 Prec: 0.671732522796
Accuracy 0.671732522796
*~*~*~*~*~*~*~*~*~*~*~*~*~*~*~*~*~*~*~*~*~*~*~*~*~*~*~*~*~*~*~*~*~*~*~*~*~*~*~*~
Tested: 658
True Pos: 
[247, 93, 19, 18, 45, 19, 10, 14, 1, 3]
False Pos: 
[28, 32, 18, 25, 14, 29, 17, 12, 4, 10]
False Neg: 
[43, 40, 22, 16, 8, 14, 10, 8, 13, 15]
MACRO Recall: 0.534307171107 Prec: 0.50724463202
MICRO Recall: 0.712765957447 Prec: 0.712765957447
Accuracy 0.712765957447
*~*~*~*~*~*~*~*~*~*~*~*~*~*~*~*~*~*~*~*~*~*~*~*~*~*~*~*~*~*~*~*~*~*~*~*~*~*~*~*~
Tested: 658
True Pos: 
[285, 100, 12, 26, 22, 13, 9, 10, 2, 1]
False Pos: 
[26, 41, 13, 26, 18, 10, 16, 13, 9, 6]
False Neg: 
[42, 42, 14, 10, 12, 13, 13, 2, 18, 12]
MACRO Recall: 0.532595181178 Prec: 0.484029389666
MICRO Recall: 0.729483282675 Prec: 0.729483282675
Accuracy 0.729483282675
*~*~*~*~*~*~*~*~*~*~*~*~*~*~*~*~*~*~*~*~*~*~*~*~*~*~*~*~*~*~*~*~*~*~*~*~*~*~*~*~
Tested: 658
True Pos: 
[246, 122, 17, 22, 21, 31, 13, 4, 2, 2]
False Pos: 
[28, 42, 17, 28, 12, 21, 18, 3, 6, 3]
False Neg: 
[43, 38, 22, 11, 9, 11, 11, 9, 12, 12]
MACRO Recall: 0.52894436734 Prec: 0.545501355066
MICRO Recall: 0.729483282675 Prec: 0.729483282675
Accuracy 0.729483282675
*~*~*~*~*~*~*~*~*~*~*~*~*~*~*~*~*~*~*~*~*~*~*~*~*~*~*~*~*~*~*~*~*~*~*~*~*~*~*~*~
Tested: 658
True Pos: 
[243, 104, 36, 16, 27, 35, 11, 13, 2, 4]
False Pos: 
[28, 41, 17, 16, 15, 12, 16, 9, 5, 8]
False Neg: 
[40, 36, 23, 12, 12, 11, 9, 9, 7, 8]
MACRO Recall: 0.593275435362 Prec: 0.57980677404
MICRO Recall: 0.746200607903 Prec: 0.746200607903
Accuracy 0.746200607903
*~*~*~*~*~*~*~*~*~*~*~*~*~*~*~*~*~*~*~*~*~*~*~*~*~*~*~*~*~*~*~*~*~*~*~*~*~*~*~*~
Tested: 658
True Pos: 
[215, 90, 51, 12, 30, 38, 10, 8, 1, 6]
False Pos: 
[27, 40, 17, 13, 41, 27, 17, 4, 1, 10]
False Neg: 
[35, 41, 31, 16, 7, 22, 6, 17, 13, 9]
MACRO Recall: 0.545811826442 Prec: 0.572992507729
MICRO Recall: 0.700607902736 Prec: 0.700607902736
Accuracy 0.700607902736
*~*~*~*~*~*~*~*~*~*~*~*~*~*~*~*~*~*~*~*~*~*~*~*~*~*~*~*~*~*~*~*~*~*~*~*~*~*~*~*~
Tested: 658
True Pos: 
[217, 114, 24, 29, 11, 22, 12, 2, 6, 2]
False Pos: 
[54, 49, 17, 35, 17, 11, 13, 5, 8, 10]
False Neg: 
[39, 60, 20, 16, 8, 7, 26, 8, 20, 15]
MACRO Recall: 0.489450147505 Prec: 0.495909155458
MICRO Recall: 0.66717325228 Prec: 0.66717325228
Accuracy 0.66717325228
*~*~*~*~*~*~*~*~*~*~*~*~*~*~*~*~*~*~*~*~*~*~*~*~*~*~*~*~*~*~*~*~*~*~*~*~*~*~*~*~
Tested: 658
True Pos: 
[164, 104, 21, 27, 16, 18, 27, 19, 11, 6]
False Pos: 
[41, 31, 20, 24, 22, 26, 29, 17, 12, 23]
False Neg: 
[31, 49, 46, 35, 8, 5, 34, 10, 18, 9]
MACRO Recall: 0.559606198166 Prec: 0.513719885391
MICRO Recall: 0.627659574468 Prec: 0.627659574468
Accuracy 0.627659574468
