*~*~*~*~*~*~*~*~*~*~*~*~*~*~*~*~*~*~*~*~*~*~*~*~*~*~*~*~*~*~*~*~*~*~*~*~*~*~*~*~
Tested: 659
True Pos: 
[297, 95, 16, 31, 13, 10, 7, 3, 0, 0]
False Pos: 
[40, 26, 31, 41, 25, 7, 9, 8, 0, 0]
False Neg: 
[20, 42, 9, 13, 20, 11, 17, 9, 27, 19]
MACRO Recall: 0.438668116563 Prec: 0.40779785224
MICRO Recall: 0.716236722307 Prec: 0.716236722307
Accuracy 0.716236722307
*~*~*~*~*~*~*~*~*~*~*~*~*~*~*~*~*~*~*~*~*~*~*~*~*~*~*~*~*~*~*~*~*~*~*~*~*~*~*~*~
Tested: 658
True Pos: 
[262, 113, 17, 36, 14, 9, 4, 4, 0, 0]
False Pos: 
[37, 40, 29, 50, 11, 12, 5, 15, 0, 0]
False Neg: 
[27, 30, 14, 12, 20, 20, 18, 12, 28, 18]
MACRO Recall: 0.414909899673 Prec: 0.404652832946
MICRO Recall: 0.697568389058 Prec: 0.697568389058
Accuracy 0.697568389058
*~*~*~*~*~*~*~*~*~*~*~*~*~*~*~*~*~*~*~*~*~*~*~*~*~*~*~*~*~*~*~*~*~*~*~*~*~*~*~*~
Tested: 658
True Pos: 
[185, 123, 30, 30, 18, 11, 18, 7, 0, 0]
False Pos: 
[48, 46, 35, 43, 25, 17, 13, 9, 0, 0]
False Neg: 
[28, 52, 17, 7, 30, 17, 24, 24, 17, 20]
MACRO Recall: 0.444274544999 Prec: 0.422390638815
MICRO Recall: 0.641337386018 Prec: 0.641337386018
Accuracy 0.641337386018
*~*~*~*~*~*~*~*~*~*~*~*~*~*~*~*~*~*~*~*~*~*~*~*~*~*~*~*~*~*~*~*~*~*~*~*~*~*~*~*~
Tested: 658
True Pos: 
[258, 106, 32, 26, 22, 15, 3, 4, 0, 0]
False Pos: 
[31, 36, 29, 38, 22, 12, 14, 10, 0, 0]
False Neg: 
[32, 27, 9, 8, 31, 18, 17, 18, 14, 18]
MACRO Recall: 0.443329931683 Prec: 0.408779303069
MICRO Recall: 0.70820668693 Prec: 0.70820668693
Accuracy 0.70820668693
*~*~*~*~*~*~*~*~*~*~*~*~*~*~*~*~*~*~*~*~*~*~*~*~*~*~*~*~*~*~*~*~*~*~*~*~*~*~*~*~
Tested: 658
True Pos: 
[295, 113, 16, 24, 19, 11, 5, 4, 1, 0]
False Pos: 
[28, 31, 25, 28, 17, 22, 5, 13, 1, 0]
False Neg: 
[32, 29, 10, 12, 15, 15, 17, 8, 19, 13]
MACRO Recall: 0.457247311582 Prec: 0.464622250846
MICRO Recall: 0.741641337386 Prec: 0.741641337386
Accuracy 0.741641337386
*~*~*~*~*~*~*~*~*~*~*~*~*~*~*~*~*~*~*~*~*~*~*~*~*~*~*~*~*~*~*~*~*~*~*~*~*~*~*~*~
Tested: 658
True Pos: 
[257, 124, 26, 26, 12, 22, 7, 2, 0, 0]
False Pos: 
[25, 34, 27, 37, 26, 10, 14, 9, 0, 0]
False Neg: 
[32, 36, 13, 7, 18, 20, 17, 11, 14, 14]
MACRO Recall: 0.448814115527 Prec: 0.411786308358
MICRO Recall: 0.723404255319 Prec: 0.723404255319
Accuracy 0.723404255319
*~*~*~*~*~*~*~*~*~*~*~*~*~*~*~*~*~*~*~*~*~*~*~*~*~*~*~*~*~*~*~*~*~*~*~*~*~*~*~*~
Tested: 658
True Pos: 
[248, 117, 42, 16, 16, 25, 5, 9, 0, 0]
False Pos: 
[28, 42, 22, 25, 21, 12, 16, 14, 0, 0]
False Neg: 
[35, 23, 17, 12, 23, 21, 15, 13, 9, 12]
MACRO Recall: 0.460815793248 Prec: 0.441840137771
MICRO Recall: 0.726443768997 Prec: 0.726443768997
Accuracy 0.726443768997
*~*~*~*~*~*~*~*~*~*~*~*~*~*~*~*~*~*~*~*~*~*~*~*~*~*~*~*~*~*~*~*~*~*~*~*~*~*~*~*~
Tested: 658
True Pos: 
[213, 97, 44, 21, 19, 25, 3, 6, 0, 0]
False Pos: 
[36, 47, 36, 32, 34, 18, 23, 4, 0, 0]
False Neg: 
[37, 34, 38, 7, 18, 35, 13, 19, 14, 15]
MACRO Recall: 0.42367235613 Prec: 0.413052974321
MICRO Recall: 0.650455927052 Prec: 0.650455927052
Accuracy 0.650455927052
*~*~*~*~*~*~*~*~*~*~*~*~*~*~*~*~*~*~*~*~*~*~*~*~*~*~*~*~*~*~*~*~*~*~*~*~*~*~*~*~
Tested: 658
True Pos: 
[225, 131, 23, 36, 3, 15, 16, 3, 0, 0]
False Pos: 
[47, 32, 18, 50, 25, 19, 9, 6, 0, 0]
False Neg: 
[31, 43, 21, 9, 16, 14, 22, 7, 26, 17]
MACRO Recall: 0.435069583368 Prec: 0.413211978593
MICRO Recall: 0.686930091185 Prec: 0.686930091185
Accuracy 0.686930091185
*~*~*~*~*~*~*~*~*~*~*~*~*~*~*~*~*~*~*~*~*~*~*~*~*~*~*~*~*~*~*~*~*~*~*~*~*~*~*~*~
Tested: 658
True Pos: 
[159, 123, 46, 48, 12, 14, 23, 7, 0, 0]
False Pos: 
[22, 47, 36, 52, 24, 25, 14, 6, 0, 0]
False Neg: 
[36, 30, 21, 14, 12, 9, 38, 22, 29, 15]
MACRO Recall: 0.480719103942 Prec: 0.449534891259
MICRO Recall: 0.656534954407 Prec: 0.656534954407
Accuracy 0.656534954407
