*~*~*~*~*~*~*~*~*~*~*~*~*~*~*~*~*~*~*~*~*~*~*~*~*~*~*~*~*~*~*~*~*~*~*~*~*~*~*~*~
Tested: 659
True Pos: 
[307, 71, 4, 6, 13, 5, 17, 3, 13, 2]
False Pos: 
[76, 17, 29, 10, 7, 9, 30, 13, 21, 6]
False Neg: 
[10, 66, 21, 38, 20, 16, 7, 9, 14, 17]
MACRO Recall: 0.396017867497 Prec: 0.429329480864
MICRO Recall: 0.669195751138 Prec: 0.669195751138
Accuracy 0.669195751138
*~*~*~*~*~*~*~*~*~*~*~*~*~*~*~*~*~*~*~*~*~*~*~*~*~*~*~*~*~*~*~*~*~*~*~*~*~*~*~*~
Tested: 658
True Pos: 
[277, 76, 7, 4, 15, 5, 14, 1, 16, 0]
False Pos: 
[67, 10, 39, 19, 9, 3, 26, 19, 44, 7]
False Neg: 
[12, 67, 24, 44, 19, 24, 8, 15, 12, 18]
MACRO Recall: 0.368296829655 Prec: 0.393170711156
MICRO Recall: 0.630699088146 Prec: 0.630699088146
Accuracy 0.630699088146
*~*~*~*~*~*~*~*~*~*~*~*~*~*~*~*~*~*~*~*~*~*~*~*~*~*~*~*~*~*~*~*~*~*~*~*~*~*~*~*~
Tested: 658
True Pos: 
[194, 108, 7, 4, 22, 7, 26, 7, 6, 2]
False Pos: 
[73, 21, 27, 5, 23, 28, 51, 19, 22, 6]
False Neg: 
[19, 67, 40, 33, 26, 21, 16, 24, 11, 18]
MACRO Recall: 0.379111383799 Prec: 0.397419557008
MICRO Recall: 0.582066869301 Prec: 0.582066869301
Accuracy 0.582066869301
*~*~*~*~*~*~*~*~*~*~*~*~*~*~*~*~*~*~*~*~*~*~*~*~*~*~*~*~*~*~*~*~*~*~*~*~*~*~*~*~
Tested: 658
True Pos: 
[270, 94, 16, 2, 24, 8, 14, 4, 8, 6]
False Pos: 
[41, 13, 26, 7, 8, 10, 44, 21, 33, 9]
False Neg: 
[20, 39, 25, 32, 29, 25, 6, 18, 6, 12]
MACRO Recall: 0.456870334959 Prec: 0.454079218465
MICRO Recall: 0.677811550152 Prec: 0.677811550152
Accuracy 0.677811550152
*~*~*~*~*~*~*~*~*~*~*~*~*~*~*~*~*~*~*~*~*~*~*~*~*~*~*~*~*~*~*~*~*~*~*~*~*~*~*~*~
Tested: 658
True Pos: 
[314, 87, 8, 6, 16, 3, 16, 2, 9, 1]
False Pos: 
[51, 7, 28, 10, 15, 3, 25, 17, 30, 10]
False Neg: 
[13, 55, 18, 30, 18, 23, 6, 10, 11, 12]
MACRO Recall: 0.405411500056 Prec: 0.421634252399
MICRO Recall: 0.702127659574 Prec: 0.702127659574
Accuracy 0.702127659574
*~*~*~*~*~*~*~*~*~*~*~*~*~*~*~*~*~*~*~*~*~*~*~*~*~*~*~*~*~*~*~*~*~*~*~*~*~*~*~*~
Tested: 658
True Pos: 
[270, 114, 11, 0, 13, 8, 18, 5, 9, 3]
False Pos: 
[38, 13, 27, 5, 7, 19, 34, 18, 36, 10]
False Neg: 
[19, 46, 28, 33, 17, 34, 6, 8, 5, 11]
MACRO Recall: 0.454437510298 Prec: 0.400434553368
MICRO Recall: 0.685410334347 Prec: 0.685410334347
Accuracy 0.685410334347
*~*~*~*~*~*~*~*~*~*~*~*~*~*~*~*~*~*~*~*~*~*~*~*~*~*~*~*~*~*~*~*~*~*~*~*~*~*~*~*~
Tested: 658
True Pos: 
[261, 101, 18, 1, 22, 7, 14, 9, 4, 2]
False Pos: 
[47, 12, 31, 8, 9, 7, 49, 27, 24, 5]
False Neg: 
[22, 39, 41, 27, 17, 39, 6, 13, 5, 10]
MACRO Recall: 0.442096758435 Prec: 0.433013702717
MICRO Recall: 0.66717325228 Prec: 0.66717325228
Accuracy 0.66717325228
*~*~*~*~*~*~*~*~*~*~*~*~*~*~*~*~*~*~*~*~*~*~*~*~*~*~*~*~*~*~*~*~*~*~*~*~*~*~*~*~
Tested: 658
True Pos: 
[233, 95, 35, 4, 12, 14, 12, 9, 6, 2]
False Pos: 
[33, 18, 27, 12, 11, 24, 56, 26, 24, 5]
False Neg: 
[17, 36, 47, 24, 25, 46, 4, 16, 8, 13]
MACRO Recall: 0.445643967041 Prec: 0.434065185742
MICRO Recall: 0.641337386018 Prec: 0.641337386018
Accuracy 0.641337386018
*~*~*~*~*~*~*~*~*~*~*~*~*~*~*~*~*~*~*~*~*~*~*~*~*~*~*~*~*~*~*~*~*~*~*~*~*~*~*~*~
Tested: 658
True Pos: 
[243, 110, 9, 2, 10, 8, 16, 3, 15, 1]
False Pos: 
[80, 12, 23, 3, 20, 13, 35, 9, 44, 2]
False Neg: 
[13, 64, 35, 43, 9, 21, 22, 7, 11, 16]
MACRO Recall: 0.398936965339 Prec: 0.420079315164
MICRO Recall: 0.633738601824 Prec: 0.633738601824
Accuracy 0.633738601824
*~*~*~*~*~*~*~*~*~*~*~*~*~*~*~*~*~*~*~*~*~*~*~*~*~*~*~*~*~*~*~*~*~*~*~*~*~*~*~*~
Tested: 658
True Pos: 
[183, 86, 15, 3, 9, 7, 29, 4, 14, 0]
False Pos: 
[104, 15, 43, 5, 5, 26, 48, 11, 47, 4]
False Neg: 
[12, 67, 52, 59, 15, 16, 32, 25, 15, 15]
MACRO Recall: 0.354826805284 Prec: 0.385051309518
MICRO Recall: 0.531914893617 Prec: 0.531914893617
Accuracy 0.531914893617
