*~*~*~*~*~*~*~*~*~*~*~*~*~*~*~*~*~*~*~*~*~*~*~*~*~*~*~*~*~*~*~*~*~*~*~*~*~*~*~*~
Tested: 608
True Pos: 
[296, 92, 2, 6, 21, 8, 20, 5, 4, 10]
False Pos: 
[12, 16, 10, 6, 14, 4, 21, 16, 11, 34]
False Neg: 
[17, 34, 20, 27, 10, 9, 3, 4, 14, 6]
MACRO Recall: 0.536892348915 Prec: 0.496606365631
MICRO Recall: 0.763157894737 Prec: 0.763157894737
Accuracy 0.763157894737
*~*~*~*~*~*~*~*~*~*~*~*~*~*~*~*~*~*~*~*~*~*~*~*~*~*~*~*~*~*~*~*~*~*~*~*~*~*~*~*~
Tested: 608
True Pos: 
[279, 96, 3, 3, 23, 12, 18, 6, 12, 5]
False Pos: 
[3, 11, 5, 9, 23, 13, 21, 14, 38, 14]
False Neg: 
[8, 28, 24, 39, 4, 16, 3, 6, 11, 12]
MACRO Recall: 0.538228158153 Prec: 0.475625432009
MICRO Recall: 0.751644736842 Prec: 0.751644736842
Accuracy 0.751644736842
*~*~*~*~*~*~*~*~*~*~*~*~*~*~*~*~*~*~*~*~*~*~*~*~*~*~*~*~*~*~*~*~*~*~*~*~*~*~*~*~
Tested: 608
True Pos: 
[192, 128, 10, 3, 30, 17, 26, 9, 5, 9]
False Pos: 
[14, 29, 11, 7, 15, 18, 27, 19, 15, 24]
False Neg: 
[22, 30, 34, 30, 13, 9, 15, 6, 12, 8]
MACRO Recall: 0.543470098782 Prec: 0.501061876962
MICRO Recall: 0.705592105263 Prec: 0.705592105263
Accuracy 0.705592105263
*~*~*~*~*~*~*~*~*~*~*~*~*~*~*~*~*~*~*~*~*~*~*~*~*~*~*~*~*~*~*~*~*~*~*~*~*~*~*~*~
Tested: 608
True Pos: 
[258, 100, 14, 2, 25, 16, 14, 10, 4, 4]
False Pos: 
[8, 23, 5, 6, 14, 21, 29, 18, 18, 19]
False Neg: 
[25, 17, 26, 27, 24, 16, 5, 3, 7, 11]
MACRO Recall: 0.533190713576 Prec: 0.488168859862
MICRO Recall: 0.735197368421 Prec: 0.735197368421
Accuracy 0.735197368421
*~*~*~*~*~*~*~*~*~*~*~*~*~*~*~*~*~*~*~*~*~*~*~*~*~*~*~*~*~*~*~*~*~*~*~*~*~*~*~*~
Tested: 608
True Pos: 
[305, 86, 7, 3, 23, 16, 13, 2, 3, 4]
False Pos: 
[17, 13, 6, 7, 19, 15, 19, 16, 10, 24]
False Neg: 
[15, 38, 19, 27, 6, 8, 8, 5, 13, 7]
MACRO Recall: 0.493157253967 Prec: 0.460908894071
MICRO Recall: 0.759868421053 Prec: 0.759868421053
Accuracy 0.759868421053
*~*~*~*~*~*~*~*~*~*~*~*~*~*~*~*~*~*~*~*~*~*~*~*~*~*~*~*~*~*~*~*~*~*~*~*~*~*~*~*~
Tested: 608
True Pos: 
[271, 100, 8, 3, 17, 30, 14, 3, 3, 5]
False Pos: 
[16, 20, 9, 6, 20, 14, 24, 19, 13, 13]
False Neg: 
[21, 39, 28, 21, 8, 11, 7, 4, 10, 5]
MACRO Recall: 0.523244351752 Prec: 0.469284588109
MICRO Recall: 0.746710526316 Prec: 0.746710526316
Accuracy 0.746710526316
*~*~*~*~*~*~*~*~*~*~*~*~*~*~*~*~*~*~*~*~*~*~*~*~*~*~*~*~*~*~*~*~*~*~*~*~*~*~*~*~
Tested: 608
True Pos: 
[252, 98, 26, 1, 17, 28, 14, 7, 1, 8]
False Pos: 
[14, 25, 7, 5, 11, 17, 23, 24, 6, 24]
False Neg: 
[22, 23, 31, 24, 20, 15, 4, 8, 6, 3]
MACRO Recall: 0.545096230018 Prec: 0.492506889529
MICRO Recall: 0.743421052632 Prec: 0.743421052632
Accuracy 0.743421052632
*~*~*~*~*~*~*~*~*~*~*~*~*~*~*~*~*~*~*~*~*~*~*~*~*~*~*~*~*~*~*~*~*~*~*~*~*~*~*~*~
Tested: 608
True Pos: 
[222, 83, 31, 1, 12, 38, 13, 6, 2, 6]
False Pos: 
[12, 31, 8, 4, 15, 39, 26, 28, 7, 24]
False Neg: 
[23, 33, 48, 24, 18, 20, 3, 8, 9, 8]
MACRO Recall: 0.49606782064 Prec: 0.454163700077
MICRO Recall: 0.680921052632 Prec: 0.680921052632
Accuracy 0.680921052632
*~*~*~*~*~*~*~*~*~*~*~*~*~*~*~*~*~*~*~*~*~*~*~*~*~*~*~*~*~*~*~*~*~*~*~*~*~*~*~*~
Tested: 607
True Pos: 
[243, 119, 7, 6, 10, 20, 25, 3, 8, 5]
False Pos: 
[8, 15, 6, 7, 19, 12, 25, 30, 20, 19]
False Neg: 
[16, 32, 28, 32, 9, 8, 6, 6, 15, 9]
MACRO Recall: 0.516955353936 Prec: 0.49109714877
MICRO Recall: 0.734761120264 Prec: 0.734761120264
Accuracy 0.734761120264
*~*~*~*~*~*~*~*~*~*~*~*~*~*~*~*~*~*~*~*~*~*~*~*~*~*~*~*~*~*~*~*~*~*~*~*~*~*~*~*~
Tested: 607
True Pos: 
[186, 108, 11, 7, 8, 17, 49, 7, 11, 6]
False Pos: 
[10, 11, 7, 12, 22, 15, 41, 24, 24, 31]
False Neg: 
[15, 34, 51, 40, 12, 6, 12, 6, 14, 7]
MACRO Recall: 0.539470116297 Prec: 0.488069021996
MICRO Recall: 0.675453047776 Prec: 0.675453047776
Accuracy 0.675453047776
