*~*~*~*~*~*~*~*~*~*~*~*~*~*~*~*~*~*~*~*~*~*~*~*~*~*~*~*~*~*~*~*~*~*~*~*~*~*~*~*~
Tested: 608
True Pos: 
[283, 108, 15, 25, 15, 4, 5, 3, 0, 0]
False Pos: 
[17, 57, 27, 39, 3, 0, 4, 3, 0, 0]
False Neg: 
[30, 18, 7, 8, 16, 13, 18, 6, 18, 16]
MACRO Recall: 0.447057987424 Prec: 0.523453553391
MICRO Recall: 0.753289473684 Prec: 0.753289473684
Accuracy 0.753289473684
*~*~*~*~*~*~*~*~*~*~*~*~*~*~*~*~*~*~*~*~*~*~*~*~*~*~*~*~*~*~*~*~*~*~*~*~*~*~*~*~
Tested: 608
True Pos: 
[262, 109, 15, 25, 11, 13, 2, 2, 0, 0]
False Pos: 
[23, 69, 22, 33, 5, 12, 1, 4, 0, 0]
False Neg: 
[25, 15, 12, 17, 16, 15, 19, 10, 23, 17]
MACRO Recall: 0.407631577852 Prec: 0.457559768434
MICRO Recall: 0.722039473684 Prec: 0.722039473684
Accuracy 0.722039473684
*~*~*~*~*~*~*~*~*~*~*~*~*~*~*~*~*~*~*~*~*~*~*~*~*~*~*~*~*~*~*~*~*~*~*~*~*~*~*~*~
Tested: 608
True Pos: 
[188, 136, 28, 23, 20, 14, 10, 4, 0, 0]
False Pos: 
[21, 67, 33, 34, 12, 11, 3, 4, 0, 0]
False Neg: 
[26, 22, 16, 10, 23, 12, 31, 11, 17, 17]
MACRO Recall: 0.458674442312 Prec: 0.488622820462
MICRO Recall: 0.695723684211 Prec: 0.695723684211
Accuracy 0.695723684211
*~*~*~*~*~*~*~*~*~*~*~*~*~*~*~*~*~*~*~*~*~*~*~*~*~*~*~*~*~*~*~*~*~*~*~*~*~*~*~*~
Tested: 608
True Pos: 
[256, 101, 29, 18, 27, 10, 2, 9, 0, 0]
False Pos: 
[20, 58, 20, 25, 7, 16, 3, 7, 0, 0]
False Neg: 
[27, 16, 11, 11, 22, 22, 17, 4, 11, 15]
MACRO Recall: 0.477462241636 Prec: 0.47144307752
MICRO Recall: 0.743421052632 Prec: 0.743421052632
Accuracy 0.743421052632
*~*~*~*~*~*~*~*~*~*~*~*~*~*~*~*~*~*~*~*~*~*~*~*~*~*~*~*~*~*~*~*~*~*~*~*~*~*~*~*~
Tested: 608
True Pos: 
[291, 96, 15, 19, 19, 7, 0, 2, 0, 0]
False Pos: 
[24, 46, 25, 29, 16, 10, 6, 3, 0, 0]
False Neg: 
[29, 28, 11, 11, 10, 17, 21, 5, 16, 11]
MACRO Recall: 0.412637832482 Prec: 0.372532104391
MICRO Recall: 0.738486842105 Prec: 0.738486842105
Accuracy 0.738486842105
*~*~*~*~*~*~*~*~*~*~*~*~*~*~*~*~*~*~*~*~*~*~*~*~*~*~*~*~*~*~*~*~*~*~*~*~*~*~*~*~
Tested: 608
True Pos: 
[258, 121, 22, 14, 13, 18, 5, 1, 0, 0]
False Pos: 
[21, 63, 22, 21, 4, 16, 5, 4, 0, 0]
False Neg: 
[34, 18, 14, 10, 12, 23, 16, 6, 13, 10]
MACRO Recall: 0.42884864566 Prec: 0.447645752551
MICRO Recall: 0.743421052632 Prec: 0.743421052632
Accuracy 0.743421052632
*~*~*~*~*~*~*~*~*~*~*~*~*~*~*~*~*~*~*~*~*~*~*~*~*~*~*~*~*~*~*~*~*~*~*~*~*~*~*~*~
Tested: 608
True Pos: 
[241, 99, 35, 14, 16, 17, 5, 2, 0, 0]
False Pos: 
[26, 63, 21, 29, 11, 21, 3, 5, 0, 0]
False Neg: 
[33, 22, 22, 11, 21, 26, 13, 13, 7, 11]
MACRO Recall: 0.411067133045 Prec: 0.441498952867
MICRO Recall: 0.705592105263 Prec: 0.705592105263
Accuracy 0.705592105263
*~*~*~*~*~*~*~*~*~*~*~*~*~*~*~*~*~*~*~*~*~*~*~*~*~*~*~*~*~*~*~*~*~*~*~*~*~*~*~*~
Tested: 608
True Pos: 
[209, 99, 51, 16, 10, 21, 4, 2, 0, 0]
False Pos: 
[14, 88, 25, 37, 6, 15, 9, 2, 0, 0]
False Neg: 
[36, 17, 28, 9, 20, 37, 12, 12, 11, 14]
MACRO Recall: 0.408033856231 Prec: 0.445559656071
MICRO Recall: 0.677631578947 Prec: 0.677631578947
Accuracy 0.677631578947
*~*~*~*~*~*~*~*~*~*~*~*~*~*~*~*~*~*~*~*~*~*~*~*~*~*~*~*~*~*~*~*~*~*~*~*~*~*~*~*~
Tested: 607
True Pos: 
[228, 129, 31, 21, 7, 6, 16, 1, 0, 0]
False Pos: 
[18, 63, 19, 34, 14, 6, 5, 5, 0, 4]
False Neg: 
[31, 22, 4, 17, 12, 22, 15, 8, 23, 14]
MACRO Recall: 0.438290629102 Prec: 0.436242721202
MICRO Recall: 0.723228995058 Prec: 0.723228995058
Accuracy 0.723228995058
*~*~*~*~*~*~*~*~*~*~*~*~*~*~*~*~*~*~*~*~*~*~*~*~*~*~*~*~*~*~*~*~*~*~*~*~*~*~*~*~
Tested: 607
True Pos: 
[181, 127, 41, 32, 13, 15, 27, 2, 1, 0]
False Pos: 
[12, 58, 24, 40, 8, 19, 2, 3, 2, 0]
False Neg: 
[20, 15, 21, 15, 7, 8, 34, 11, 24, 13]
MACRO Recall: 0.507564811374 Prec: 0.542411590162
MICRO Recall: 0.723228995058 Prec: 0.723228995058
Accuracy 0.723228995058
