*~*~*~*~*~*~*~*~*~*~*~*~*~*~*~*~*~*~*~*~*~*~*~*~*~*~*~*~*~*~*~*~*~*~*~*~*~*~*~*~
Tested: 608
True Pos: 
[287, 112, 14, 16, 16, 3, 5, 3, 2, 2]
False Pos: 
[10, 60, 21, 24, 4, 4, 4, 3, 8, 10]
False Neg: 
[26, 14, 8, 17, 15, 14, 18, 6, 16, 14]
MACRO Recall: 0.440646928673 Prec: 0.506828640782
MICRO Recall: 0.756578947368 Prec: 0.756578947368
Accuracy 0.756578947368
*~*~*~*~*~*~*~*~*~*~*~*~*~*~*~*~*~*~*~*~*~*~*~*~*~*~*~*~*~*~*~*~*~*~*~*~*~*~*~*~
Tested: 608
True Pos: 
[266, 115, 12, 20, 10, 14, 6, 3, 0, 4]
False Pos: 
[14, 67, 16, 28, 4, 7, 7, 9, 0, 6]
False Neg: 
[21, 9, 15, 22, 17, 14, 15, 9, 23, 13]
MACRO Recall: 0.44162623175 Prec: 0.49195970696
MICRO Recall: 0.740131578947 Prec: 0.740131578947
Accuracy 0.740131578947
*~*~*~*~*~*~*~*~*~*~*~*~*~*~*~*~*~*~*~*~*~*~*~*~*~*~*~*~*~*~*~*~*~*~*~*~*~*~*~*~
Tested: 608
True Pos: 
[193, 144, 22, 12, 22, 18, 18, 4, 2, 3]
False Pos: 
[13, 93, 16, 14, 7, 9, 7, 3, 4, 4]
False Neg: 
[21, 14, 22, 21, 21, 8, 23, 11, 15, 14]
MACRO Recall: 0.488064223083 Prec: 0.606359466021
MICRO Recall: 0.720394736842 Prec: 0.720394736842
Accuracy 0.720394736842
*~*~*~*~*~*~*~*~*~*~*~*~*~*~*~*~*~*~*~*~*~*~*~*~*~*~*~*~*~*~*~*~*~*~*~*~*~*~*~*~
Tested: 608
True Pos: 
[260, 106, 30, 10, 24, 12, 2, 8, 4, 1]
False Pos: 
[15, 68, 16, 14, 4, 15, 4, 2, 12, 1]
False Neg: 
[23, 11, 10, 19, 25, 20, 17, 5, 7, 14]
MACRO Recall: 0.493528512933 Prec: 0.580841116238
MICRO Recall: 0.751644736842 Prec: 0.751644736842
Accuracy 0.751644736842
*~*~*~*~*~*~*~*~*~*~*~*~*~*~*~*~*~*~*~*~*~*~*~*~*~*~*~*~*~*~*~*~*~*~*~*~*~*~*~*~
Tested: 608
True Pos: 
[296, 101, 11, 11, 16, 14, 7, 3, 1, 3]
False Pos: 
[18, 51, 16, 15, 7, 14, 7, 8, 4, 5]
False Neg: 
[24, 23, 15, 19, 13, 10, 14, 4, 15, 8]
MACRO Recall: 0.476144922467 Prec: 0.498101262057
MICRO Recall: 0.761513157895 Prec: 0.761513157895
Accuracy 0.761513157895
*~*~*~*~*~*~*~*~*~*~*~*~*~*~*~*~*~*~*~*~*~*~*~*~*~*~*~*~*~*~*~*~*~*~*~*~*~*~*~*~
Tested: 608
True Pos: 
[262, 122, 17, 11, 13, 24, 8, 1, 1, 2]
False Pos: 
[16, 67, 12, 17, 3, 12, 7, 4, 5, 4]
False Neg: 
[30, 17, 19, 13, 12, 17, 13, 6, 12, 8]
MACRO Recall: 0.461161212565 Prec: 0.527951272808
MICRO Recall: 0.758223684211 Prec: 0.758223684211
Accuracy 0.758223684211
*~*~*~*~*~*~*~*~*~*~*~*~*~*~*~*~*~*~*~*~*~*~*~*~*~*~*~*~*~*~*~*~*~*~*~*~*~*~*~*~
Tested: 608
True Pos: 
[240, 110, 39, 5, 13, 18, 6, 4, 2, 0]
False Pos: 
[18, 77, 21, 14, 9, 14, 7, 3, 4, 4]
False Neg: 
[34, 11, 18, 20, 24, 25, 12, 11, 5, 11]
MACRO Recall: 0.432488413239 Prec: 0.49513352042
MICRO Recall: 0.71875 Prec: 0.71875
Accuracy 0.71875
*~*~*~*~*~*~*~*~*~*~*~*~*~*~*~*~*~*~*~*~*~*~*~*~*~*~*~*~*~*~*~*~*~*~*~*~*~*~*~*~
Tested: 608
True Pos: 
[215, 103, 44, 10, 11, 26, 5, 2, 2, 3]
False Pos: 
[12, 91, 17, 21, 5, 17, 12, 1, 4, 7]
False Neg: 
[30, 13, 35, 15, 19, 32, 11, 12, 9, 11]
MACRO Recall: 0.43888476479 Prec: 0.540822532935
MICRO Recall: 0.692434210526 Prec: 0.692434210526
Accuracy 0.692434210526
*~*~*~*~*~*~*~*~*~*~*~*~*~*~*~*~*~*~*~*~*~*~*~*~*~*~*~*~*~*~*~*~*~*~*~*~*~*~*~*~
Tested: 607
True Pos: 
[233, 138, 28, 14, 8, 13, 17, 1, 3, 2]
False Pos: 
[11, 59, 18, 23, 5, 12, 4, 5, 7, 6]
False Neg: 
[26, 13, 7, 24, 11, 15, 14, 8, 20, 12]
MACRO Recall: 0.480007071623 Prec: 0.530407476913
MICRO Recall: 0.752883031301 Prec: 0.752883031301
Accuracy 0.752883031301
*~*~*~*~*~*~*~*~*~*~*~*~*~*~*~*~*~*~*~*~*~*~*~*~*~*~*~*~*~*~*~*~*~*~*~*~*~*~*~*~
Tested: 607
True Pos: 
[183, 131, 39, 23, 11, 16, 28, 2, 3, 4]
False Pos: 
[6, 57, 32, 25, 7, 15, 8, 2, 9, 6]
False Neg: 
[18, 11, 23, 24, 9, 7, 33, 11, 22, 9]
MACRO Recall: 0.523758396155 Prec: 0.574854284135
MICRO Recall: 0.724876441516 Prec: 0.724876441516
Accuracy 0.724876441516
