*~*~*~*~*~*~*~*~*~*~*~*~*~*~*~*~*~*~*~*~*~*~*~*~*~*~*~*~*~*~*~*~*~*~*~*~*~*~*~*~
Tested: 659
True Pos: 
[286, 19, 2, 1, 5, 3, 1, 1, 0, 1]
False Pos: 
[208, 39, 27, 14, 7, 13, 7, 14, 0, 11]
False Neg: 
[31, 118, 23, 43, 28, 18, 23, 11, 27, 18]
MACRO Recall: 0.161562547933 Prec: 0.192133242589
MICRO Recall: 0.48406676783 Prec: 0.48406676783
Accuracy 0.48406676783
*~*~*~*~*~*~*~*~*~*~*~*~*~*~*~*~*~*~*~*~*~*~*~*~*~*~*~*~*~*~*~*~*~*~*~*~*~*~*~*~
Tested: 658
True Pos: 
[261, 16, 8, 1, 1, 5, 1, 2, 2, 0]
False Pos: 
[213, 41, 32, 12, 16, 10, 7, 15, 9, 6]
False Neg: 
[28, 127, 23, 47, 33, 24, 21, 14, 26, 18]
MACRO Recall: 0.173760882289 Prec: 0.192487984609
MICRO Recall: 0.451367781155 Prec: 0.451367781155
Accuracy 0.451367781155
*~*~*~*~*~*~*~*~*~*~*~*~*~*~*~*~*~*~*~*~*~*~*~*~*~*~*~*~*~*~*~*~*~*~*~*~*~*~*~*~
Tested: 658
True Pos: 
[177, 18, 3, 1, 2, 6, 4, 0, 0, 1]
False Pos: 
[253, 44, 54, 10, 9, 25, 19, 10, 6, 16]
False Neg: 
[36, 157, 44, 36, 46, 22, 38, 31, 17, 19]
MACRO Recall: 0.14258903488 Prec: 0.145359429928
MICRO Recall: 0.322188449848 Prec: 0.322188449848
Accuracy 0.322188449848
*~*~*~*~*~*~*~*~*~*~*~*~*~*~*~*~*~*~*~*~*~*~*~*~*~*~*~*~*~*~*~*~*~*~*~*~*~*~*~*~
Tested: 658
True Pos: 
[263, 31, 1, 2, 4, 0, 3, 0, 0, 1]
False Pos: 
[188, 69, 7, 12, 12, 15, 33, 1, 6, 10]
False Neg: 
[27, 102, 40, 32, 49, 33, 17, 22, 14, 17]
MACRO Recall: 0.150422028547 Prec: 0.158524812586
MICRO Recall: 0.463525835866 Prec: 0.463525835866
Accuracy 0.463525835866
*~*~*~*~*~*~*~*~*~*~*~*~*~*~*~*~*~*~*~*~*~*~*~*~*~*~*~*~*~*~*~*~*~*~*~*~*~*~*~*~
Tested: 658
True Pos: 
[295, 18, 10, 1, 6, 3, 0, 0, 1, 1]
False Pos: 
[160, 43, 62, 7, 7, 8, 1, 20, 4, 11]
False Neg: 
[32, 124, 16, 35, 28, 23, 22, 12, 19, 12]
MACRO Recall: 0.18600726791 Prec: 0.222492157205
MICRO Recall: 0.509118541033 Prec: 0.509118541033
Accuracy 0.509118541033
*~*~*~*~*~*~*~*~*~*~*~*~*~*~*~*~*~*~*~*~*~*~*~*~*~*~*~*~*~*~*~*~*~*~*~*~*~*~*~*~
Tested: 658
True Pos: 
[255, 22, 10, 0, 6, 1, 1, 2, 0, 0]
False Pos: 
[179, 37, 55, 1, 37, 7, 8, 28, 6, 3]
False Neg: 
[34, 138, 29, 33, 24, 41, 23, 11, 14, 14]
MACRO Recall: 0.169558554191 Prec: 0.155659777496
MICRO Recall: 0.451367781155 Prec: 0.451367781155
Accuracy 0.451367781155
*~*~*~*~*~*~*~*~*~*~*~*~*~*~*~*~*~*~*~*~*~*~*~*~*~*~*~*~*~*~*~*~*~*~*~*~*~*~*~*~
Tested: 658
True Pos: 
[237, 30, 14, 3, 3, 1, 1, 0, 0, 0]
False Pos: 
[178, 64, 42, 26, 11, 11, 17, 6, 13, 1]
False Neg: 
[46, 110, 45, 25, 36, 45, 19, 22, 9, 12]
MACRO Recall: 0.154483474477 Prec: 0.159685615256
MICRO Recall: 0.439209726444 Prec: 0.439209726444
Accuracy 0.439209726444
*~*~*~*~*~*~*~*~*~*~*~*~*~*~*~*~*~*~*~*~*~*~*~*~*~*~*~*~*~*~*~*~*~*~*~*~*~*~*~*~
Tested: 658
True Pos: 
[220, 13, 25, 0, 0, 0, 0, 0, 0, 1]
False Pos: 
[199, 78, 70, 23, 0, 3, 0, 9, 0, 17]
False Neg: 
[30, 118, 57, 28, 37, 60, 16, 25, 14, 14]
MACRO Recall: 0.135078135667 Prec: 0.0986630259021
MICRO Recall: 0.393617021277 Prec: 0.393617021277
Accuracy 0.393617021277
*~*~*~*~*~*~*~*~*~*~*~*~*~*~*~*~*~*~*~*~*~*~*~*~*~*~*~*~*~*~*~*~*~*~*~*~*~*~*~*~
Tested: 658
True Pos: 
[235, 18, 9, 0, 0, 1, 1, 1, 0, 0]
False Pos: 
[266, 49, 45, 0, 6, 4, 9, 7, 7, 0]
False Neg: 
[21, 156, 35, 45, 19, 28, 37, 9, 26, 17]
MACRO Recall: 0.13867610285 Prec: 0.132938525933
MICRO Recall: 0.40273556231 Prec: 0.40273556231
Accuracy 0.40273556231
*~*~*~*~*~*~*~*~*~*~*~*~*~*~*~*~*~*~*~*~*~*~*~*~*~*~*~*~*~*~*~*~*~*~*~*~*~*~*~*~
Tested: 658
True Pos: 
[173, 27, 10, 3, 0, 1, 0, 0, 0, 1]
False Pos: 
[301, 67, 35, 17, 0, 2, 10, 2, 1, 8]
False Neg: 
[22, 126, 57, 59, 24, 22, 61, 29, 29, 14]
MACRO Recall: 0.137143583107 Prec: 0.146887961217
MICRO Recall: 0.326747720365 Prec: 0.326747720365
Accuracy 0.326747720365
