*~*~*~*~*~*~*~*~*~*~*~*~*~*~*~*~*~*~*~*~*~*~*~*~*~*~*~*~*~*~*~*~*~*~*~*~*~*~*~*~
Tested: 659
True Pos: 
[266, 68, 9, 7, 2, 1, 1, 1, 0, 0]
False Pos: 
[65, 92, 38, 31, 34, 15, 12, 17, 0, 0]
False Neg: 
[51, 69, 16, 37, 31, 20, 23, 11, 27, 19]
MACRO Recall: 0.208778310152 Prec: 0.18548594537
MICRO Recall: 0.538694992413 Prec: 0.538694992413
Accuracy 0.538694992413
*~*~*~*~*~*~*~*~*~*~*~*~*~*~*~*~*~*~*~*~*~*~*~*~*~*~*~*~*~*~*~*~*~*~*~*~*~*~*~*~
Tested: 658
True Pos: 
[255, 74, 4, 4, 2, 5, 2, 2, 0, 0]
False Pos: 
[72, 93, 25, 44, 30, 19, 15, 12, 0, 0]
False Neg: 
[34, 69, 27, 44, 32, 24, 20, 14, 28, 18]
MACRO Recall: 0.205934746348 Prec: 0.197553218905
MICRO Recall: 0.528875379939 Prec: 0.528875379939
Accuracy 0.528875379939
*~*~*~*~*~*~*~*~*~*~*~*~*~*~*~*~*~*~*~*~*~*~*~*~*~*~*~*~*~*~*~*~*~*~*~*~*~*~*~*~
Tested: 658
True Pos: 
[161, 69, 8, 6, 8, 5, 1, 1, 0, 0]
False Pos: 
[94, 117, 39, 59, 45, 29, 10, 6, 0, 0]
False Neg: 
[52, 106, 39, 31, 40, 23, 41, 30, 17, 20]
MACRO Recall: 0.188383487057 Prec: 0.179662920274
MICRO Recall: 0.393617021277 Prec: 0.393617021277
Accuracy 0.393617021277
*~*~*~*~*~*~*~*~*~*~*~*~*~*~*~*~*~*~*~*~*~*~*~*~*~*~*~*~*~*~*~*~*~*~*~*~*~*~*~*~
Tested: 658
True Pos: 
[244, 64, 12, 8, 4, 3, 2, 1, 0, 0]
False Pos: 
[62, 102, 38, 32, 29, 30, 12, 15, 0, 0]
False Neg: 
[46, 69, 29, 26, 49, 30, 18, 21, 14, 18]
MACRO Recall: 0.216239469682 Prec: 0.204040614457
MICRO Recall: 0.51367781155 Prec: 0.51367781155
Accuracy 0.51367781155
*~*~*~*~*~*~*~*~*~*~*~*~*~*~*~*~*~*~*~*~*~*~*~*~*~*~*~*~*~*~*~*~*~*~*~*~*~*~*~*~
Tested: 658
True Pos: 
[295, 69, 16, 9, 4, 8, 2, 0, 0, 0]
False Pos: 
[47, 54, 39, 32, 37, 30, 8, 8, 0, 0]
False Neg: 
[32, 73, 10, 27, 30, 18, 20, 12, 20, 13]
MACRO Recall: 0.276968923855 Prec: 0.24420572866
MICRO Recall: 0.612462006079 Prec: 0.612462006079
Accuracy 0.612462006079
*~*~*~*~*~*~*~*~*~*~*~*~*~*~*~*~*~*~*~*~*~*~*~*~*~*~*~*~*~*~*~*~*~*~*~*~*~*~*~*~
Tested: 658
True Pos: 
[234, 73, 11, 6, 8, 7, 4, 1, 0, 0]
False Pos: 
[49, 82, 51, 40, 38, 29, 7, 18, 0, 0]
False Neg: 
[55, 87, 28, 27, 22, 35, 20, 12, 14, 14]
MACRO Recall: 0.240673112211 Prec: 0.239030243356
MICRO Recall: 0.522796352584 Prec: 0.522796352584
Accuracy 0.522796352584
*~*~*~*~*~*~*~*~*~*~*~*~*~*~*~*~*~*~*~*~*~*~*~*~*~*~*~*~*~*~*~*~*~*~*~*~*~*~*~*~
Tested: 658
True Pos: 
[234, 70, 22, 8, 4, 12, 4, 3, 0, 0]
False Pos: 
[40, 86, 39, 34, 38, 31, 23, 10, 0, 0]
False Neg: 
[49, 70, 37, 20, 35, 34, 16, 19, 9, 12]
MACRO Recall: 0.268524806947 Prec: 0.260708971704
MICRO Recall: 0.542553191489 Prec: 0.542553191489
Accuracy 0.542553191489
*~*~*~*~*~*~*~*~*~*~*~*~*~*~*~*~*~*~*~*~*~*~*~*~*~*~*~*~*~*~*~*~*~*~*~*~*~*~*~*~
Tested: 658
True Pos: 
[199, 56, 28, 6, 10, 12, 4, 0, 0, 0]
False Pos: 
[44, 81, 39, 60, 45, 31, 24, 18, 1, 0]
False Neg: 
[51, 75, 54, 22, 27, 48, 12, 25, 14, 15]
MACRO Recall: 0.249950031522 Prec: 0.234025379603
MICRO Recall: 0.478723404255 Prec: 0.478723404255
Accuracy 0.478723404255
*~*~*~*~*~*~*~*~*~*~*~*~*~*~*~*~*~*~*~*~*~*~*~*~*~*~*~*~*~*~*~*~*~*~*~*~*~*~*~*~
Tested: 658
True Pos: 
[218, 95, 21, 10, 2, 4, 6, 1, 0, 0]
False Pos: 
[47, 75, 47, 40, 33, 26, 11, 22, 0, 0]
False Neg: 
[38, 79, 23, 35, 17, 25, 32, 9, 26, 17]
MACRO Recall: 0.259812339021 Prec: 0.247718419607
MICRO Recall: 0.542553191489 Prec: 0.542553191489
Accuracy 0.542553191489
*~*~*~*~*~*~*~*~*~*~*~*~*~*~*~*~*~*~*~*~*~*~*~*~*~*~*~*~*~*~*~*~*~*~*~*~*~*~*~*~
Tested: 658
True Pos: 
[163, 74, 20, 24, 7, 6, 12, 2, 0, 0]
False Pos: 
[44, 103, 52, 54, 30, 40, 10, 17, 0, 0]
False Neg: 
[32, 79, 47, 38, 17, 17, 49, 27, 29, 15]
MACRO Recall: 0.28233848641 Prec: 0.276133047019
MICRO Recall: 0.468085106383 Prec: 0.468085106383
Accuracy 0.468085106383
