*~*~*~*~*~*~*~*~*~*~*~*~*~*~*~*~*~*~*~*~*~*~*~*~*~*~*~*~*~*~*~*~*~*~*~*~*~*~*~*~
Tested: 659
True Pos: 
[297, 85, 10, 4, 6, 1, 4, 2, 0, 0]
False Pos: 
[87, 91, 19, 14, 15, 5, 10, 8, 1, 0]
False Neg: 
[20, 52, 15, 40, 27, 20, 20, 10, 27, 19]
MACRO Recall: 0.261102612723 Prec: 0.276153709198
MICRO Recall: 0.620637329287 Prec: 0.620637329287
Accuracy 0.620637329287
*~*~*~*~*~*~*~*~*~*~*~*~*~*~*~*~*~*~*~*~*~*~*~*~*~*~*~*~*~*~*~*~*~*~*~*~*~*~*~*~
Tested: 658
True Pos: 
[270, 96, 3, 7, 3, 0, 3, 0, 0, 0]
False Pos: 
[76, 145, 13, 13, 15, 3, 5, 6, 0, 0]
False Neg: 
[19, 47, 28, 41, 31, 29, 19, 16, 28, 18]
MACRO Recall: 0.207279118405 Prec: 0.225785373644
MICRO Recall: 0.580547112462 Prec: 0.580547112462
Accuracy 0.580547112462
*~*~*~*~*~*~*~*~*~*~*~*~*~*~*~*~*~*~*~*~*~*~*~*~*~*~*~*~*~*~*~*~*~*~*~*~*~*~*~*~
Tested: 658
True Pos: 
[187, 119, 4, 0, 6, 0, 1, 2, 0, 0]
False Pos: 
[136, 146, 9, 9, 17, 10, 7, 5, 0, 0]
False Neg: 
[26, 56, 43, 37, 42, 28, 41, 29, 17, 20]
MACRO Recall: 0.185636630812 Prec: 0.200728013082
MICRO Recall: 0.484802431611 Prec: 0.484802431611
Accuracy 0.484802431611
*~*~*~*~*~*~*~*~*~*~*~*~*~*~*~*~*~*~*~*~*~*~*~*~*~*~*~*~*~*~*~*~*~*~*~*~*~*~*~*~
Tested: 658
True Pos: 
[265, 100, 12, 4, 3, 5, 0, 1, 2, 0]
False Pos: 
[72, 115, 15, 19, 11, 23, 4, 4, 3, 0]
False Neg: 
[25, 33, 29, 30, 50, 28, 20, 21, 12, 18]
MACRO Recall: 0.247243340176 Prec: 0.286268105822
MICRO Recall: 0.595744680851 Prec: 0.595744680851
Accuracy 0.595744680851
*~*~*~*~*~*~*~*~*~*~*~*~*~*~*~*~*~*~*~*~*~*~*~*~*~*~*~*~*~*~*~*~*~*~*~*~*~*~*~*~
Tested: 658
True Pos: 
[302, 91, 8, 10, 7, 2, 3, 0, 1, 1]
False Pos: 
[40, 75, 32, 20, 22, 24, 6, 9, 3, 2]
False Neg: 
[25, 51, 18, 26, 27, 24, 19, 12, 19, 12]
MACRO Recall: 0.269595469966 Prec: 0.319953609402
MICRO Recall: 0.645896656535 Prec: 0.645896656535
Accuracy 0.645896656535
*~*~*~*~*~*~*~*~*~*~*~*~*~*~*~*~*~*~*~*~*~*~*~*~*~*~*~*~*~*~*~*~*~*~*~*~*~*~*~*~
Tested: 658
True Pos: 
[254, 109, 11, 6, 5, 11, 5, 2, 0, 0]
False Pos: 
[43, 84, 31, 15, 37, 22, 7, 11, 2, 3]
False Neg: 
[35, 51, 28, 27, 25, 31, 19, 11, 14, 14]
MACRO Recall: 0.281476311318 Prec: 0.299049851511
MICRO Recall: 0.612462006079 Prec: 0.612462006079
Accuracy 0.612462006079
*~*~*~*~*~*~*~*~*~*~*~*~*~*~*~*~*~*~*~*~*~*~*~*~*~*~*~*~*~*~*~*~*~*~*~*~*~*~*~*~
Tested: 658
True Pos: 
[246, 92, 15, 5, 4, 8, 5, 4, 1, 0]
False Pos: 
[51, 113, 29, 21, 17, 17, 8, 12, 5, 5]
False Neg: 
[37, 48, 44, 23, 35, 38, 15, 18, 8, 12]
MACRO Recall: 0.277861596335 Prec: 0.312203834106
MICRO Recall: 0.577507598784 Prec: 0.577507598784
Accuracy 0.577507598784
*~*~*~*~*~*~*~*~*~*~*~*~*~*~*~*~*~*~*~*~*~*~*~*~*~*~*~*~*~*~*~*~*~*~*~*~*~*~*~*~
Tested: 658
True Pos: 
[212, 89, 28, 6, 3, 6, 3, 3, 0, 1]
False Pos: 
[37, 146, 41, 27, 10, 16, 15, 11, 2, 2]
False Neg: 
[38, 42, 54, 22, 34, 54, 13, 22, 14, 14]
MACRO Recall: 0.263838618964 Prec: 0.303552652779
MICRO Recall: 0.533434650456 Prec: 0.533434650456
Accuracy 0.533434650456
*~*~*~*~*~*~*~*~*~*~*~*~*~*~*~*~*~*~*~*~*~*~*~*~*~*~*~*~*~*~*~*~*~*~*~*~*~*~*~*~
Tested: 658
True Pos: 
[232, 122, 16, 5, 1, 4, 9, 1, 1, 0]
False Pos: 
[45, 119, 34, 10, 8, 27, 7, 16, 1, 0]
False Neg: 
[24, 52, 28, 40, 18, 25, 29, 9, 25, 17]
MACRO Recall: 0.264801315719 Prec: 0.335856942466
MICRO Recall: 0.594224924012 Prec: 0.594224924012
Accuracy 0.594224924012
*~*~*~*~*~*~*~*~*~*~*~*~*~*~*~*~*~*~*~*~*~*~*~*~*~*~*~*~*~*~*~*~*~*~*~*~*~*~*~*~
Tested: 658
True Pos: 
[172, 111, 25, 8, 1, 5, 10, 3, 0, 0]
False Pos: 
[42, 162, 34, 15, 16, 23, 14, 11, 2, 4]
False Neg: 
[23, 42, 42, 54, 23, 18, 51, 26, 29, 15]
MACRO Recall: 0.263614873766 Prec: 0.28502339638
MICRO Recall: 0.509118541033 Prec: 0.509118541033
Accuracy 0.509118541033
