*~*~*~*~*~*~*~*~*~*~*~*~*~*~*~*~*~*~*~*~*~*~*~*~*~*~*~*~*~*~*~*~*~*~*~*~*~*~*~*~
Tested: 43
True Pos: 
[0, 0, 0, 0, 0, 0, 0, 1, 0, 0]
False Pos: 
[0, 0, 11, 0, 1, 0, 11, 7, 1, 11]
False Neg: 
[24, 5, 0, 4, 0, 1, 0, 2, 3, 3]
MACRO Recall: 0.0333333333333 Prec: 0.0125
MICRO Recall: 0.0232558139535 Prec: 0.0232558139535
Accuracy 0.0232558139535
*~*~*~*~*~*~*~*~*~*~*~*~*~*~*~*~*~*~*~*~*~*~*~*~*~*~*~*~*~*~*~*~*~*~*~*~*~*~*~*~
Tested: 42
True Pos: 
[0, 0, 0, 0, 0, 0, 0, 0, 0, 0]
False Pos: 
[0, 0, 15, 0, 2, 0, 9, 11, 1, 4]
False Neg: 
[24, 9, 0, 4, 2, 0, 0, 1, 1, 1]
MACRO Recall: 0.0 Prec: 0.0
MICRO Recall: 0.0 Prec: 0.0
Accuracy 0.0
*~*~*~*~*~*~*~*~*~*~*~*~*~*~*~*~*~*~*~*~*~*~*~*~*~*~*~*~*~*~*~*~*~*~*~*~*~*~*~*~
Tested: 42
True Pos: 
[0, 0, 0, 1, 1, 0, 1, 0, 1, 0]
False Pos: 
[0, 0, 8, 1, 0, 0, 7, 3, 11, 8]
False Neg: 
[13, 3, 2, 6, 7, 0, 2, 0, 2, 3]
MACRO Recall: 0.0934523809524 Prec: 0.170833333333
MICRO Recall: 0.0952380952381 Prec: 0.0952380952381
Accuracy 0.0952380952381
*~*~*~*~*~*~*~*~*~*~*~*~*~*~*~*~*~*~*~*~*~*~*~*~*~*~*~*~*~*~*~*~*~*~*~*~*~*~*~*~
Tested: 42
True Pos: 
[0, 0, 0, 0, 0, 0, 4, 0, 0, 0]
False Pos: 
[0, 0, 3, 0, 0, 1, 19, 14, 1, 0]
False Neg: 
[5, 10, 5, 2, 5, 5, 1, 2, 2, 1]
MACRO Recall: 0.08 Prec: 0.0173913043478
MICRO Recall: 0.0952380952381 Prec: 0.0952380952381
Accuracy 0.0952380952381
*~*~*~*~*~*~*~*~*~*~*~*~*~*~*~*~*~*~*~*~*~*~*~*~*~*~*~*~*~*~*~*~*~*~*~*~*~*~*~*~
Tested: 42
True Pos: 
[0, 0, 1, 0, 0, 0, 0, 0, 0, 0]
False Pos: 
[0, 0, 3, 0, 6, 0, 6, 4, 20, 2]
False Neg: 
[20, 15, 0, 2, 0, 0, 1, 0, 2, 1]
MACRO Recall: 0.1 Prec: 0.025
MICRO Recall: 0.0238095238095 Prec: 0.0238095238095
Accuracy 0.0238095238095
*~*~*~*~*~*~*~*~*~*~*~*~*~*~*~*~*~*~*~*~*~*~*~*~*~*~*~*~*~*~*~*~*~*~*~*~*~*~*~*~
Tested: 42
True Pos: 
[0, 0, 2, 0, 0, 0, 0, 0, 0, 0]
False Pos: 
[0, 0, 10, 0, 4, 0, 8, 1, 1, 16]
False Neg: 
[21, 9, 0, 2, 2, 0, 2, 1, 1, 2]
MACRO Recall: 0.1 Prec: 0.0166666666667
MICRO Recall: 0.047619047619 Prec: 0.047619047619
Accuracy 0.047619047619
*~*~*~*~*~*~*~*~*~*~*~*~*~*~*~*~*~*~*~*~*~*~*~*~*~*~*~*~*~*~*~*~*~*~*~*~*~*~*~*~
Tested: 42
True Pos: 
[0, 0, 0, 0, 0, 0, 0, 0, 0, 0]
False Pos: 
[0, 0, 18, 0, 1, 1, 5, 13, 1, 3]
False Neg: 
[29, 11, 0, 0, 1, 0, 0, 1, 0, 0]
MACRO Recall: 0.0 Prec: 0.0
MICRO Recall: 0.0 Prec: 0.0
Accuracy 0.0
*~*~*~*~*~*~*~*~*~*~*~*~*~*~*~*~*~*~*~*~*~*~*~*~*~*~*~*~*~*~*~*~*~*~*~*~*~*~*~*~
Tested: 42
True Pos: 
[0, 0, 0, 0, 0, 0, 0, 0, 1, 0]
False Pos: 
[0, 0, 15, 0, 1, 1, 4, 11, 6, 3]
False Neg: 
[18, 19, 0, 1, 2, 1, 0, 0, 0, 0]
MACRO Recall: 0.1 Prec: 0.0142857142857
MICRO Recall: 0.0238095238095 Prec: 0.0238095238095
Accuracy 0.0238095238095
*~*~*~*~*~*~*~*~*~*~*~*~*~*~*~*~*~*~*~*~*~*~*~*~*~*~*~*~*~*~*~*~*~*~*~*~*~*~*~*~
Tested: 42
True Pos: 
[0, 0, 1, 0, 0, 0, 0, 0, 0, 1]
False Pos: 
[0, 0, 9, 0, 2, 0, 9, 1, 11, 8]
False Neg: 
[16, 11, 2, 3, 3, 2, 0, 1, 2, 0]
MACRO Recall: 0.133333333333 Prec: 0.0211111111111
MICRO Recall: 0.047619047619 Prec: 0.047619047619
Accuracy 0.047619047619
*~*~*~*~*~*~*~*~*~*~*~*~*~*~*~*~*~*~*~*~*~*~*~*~*~*~*~*~*~*~*~*~*~*~*~*~*~*~*~*~
Tested: 42
True Pos: 
[0, 0, 3, 0, 0, 0, 3, 0, 0, 0]
False Pos: 
[0, 0, 16, 0, 0, 0, 9, 2, 1, 8]
False Neg: 
[13, 8, 3, 0, 5, 3, 3, 1, 0, 0]
MACRO Recall: 0.1 Prec: 0.0407894736842
MICRO Recall: 0.142857142857 Prec: 0.142857142857
Accuracy 0.142857142857
