*~*~*~*~*~*~*~*~*~*~*~*~*~*~*~*~*~*~*~*~*~*~*~*~*~*~*~*~*~*~*~*~*~*~*~*~*~*~*~*~
Tested: 659
True Pos: 
[314, 119, 19, 38, 28, 18, 10, 4, 2, 1]
False Pos: 
[24, 7, 16, 45, 3, 0, 6, 0, 2, 3]
False Neg: 
[3, 18, 6, 6, 5, 3, 14, 8, 25, 18]
MACRO Recall: 0.606511913857 Prec: 0.715235280189
MICRO Recall: 0.839150227618 Prec: 0.839150227618
Accuracy 0.839150227618
*~*~*~*~*~*~*~*~*~*~*~*~*~*~*~*~*~*~*~*~*~*~*~*~*~*~*~*~*~*~*~*~*~*~*~*~*~*~*~*~
Tested: 658
True Pos: 
[285, 129, 18, 40, 27, 24, 9, 9, 1, 2]
False Pos: 
[21, 6, 18, 38, 1, 13, 10, 1, 1, 5]
False Neg: 
[4, 14, 13, 8, 7, 5, 13, 7, 27, 16]
MACRO Recall: 0.604235572614 Prec: 0.667208147657
MICRO Recall: 0.826747720365 Prec: 0.826747720365
Accuracy 0.826747720365
*~*~*~*~*~*~*~*~*~*~*~*~*~*~*~*~*~*~*~*~*~*~*~*~*~*~*~*~*~*~*~*~*~*~*~*~*~*~*~*~
Tested: 658
True Pos: 
[202, 157, 32, 29, 38, 23, 21, 17, 1, 1]
False Pos: 
[23, 22, 23, 33, 4, 15, 9, 5, 1, 2]
False Neg: 
[11, 18, 15, 8, 10, 5, 21, 14, 16, 19]
MACRO Recall: 0.608044037655 Prec: 0.664051853586
MICRO Recall: 0.79179331307 Prec: 0.79179331307
Accuracy 0.79179331307
*~*~*~*~*~*~*~*~*~*~*~*~*~*~*~*~*~*~*~*~*~*~*~*~*~*~*~*~*~*~*~*~*~*~*~*~*~*~*~*~
Tested: 658
True Pos: 
[283, 120, 32, 26, 39, 30, 8, 16, 1, 2]
False Pos: 
[13, 16, 17, 26, 2, 11, 5, 6, 1, 4]
False Neg: 
[7, 13, 9, 8, 14, 3, 12, 6, 13, 16]
MACRO Recall: 0.63780637708 Prec: 0.685041275201
MICRO Recall: 0.846504559271 Prec: 0.846504559271
Accuracy 0.846504559271
*~*~*~*~*~*~*~*~*~*~*~*~*~*~*~*~*~*~*~*~*~*~*~*~*~*~*~*~*~*~*~*~*~*~*~*~*~*~*~*~
Tested: 658
True Pos: 
[320, 126, 17, 35, 28, 21, 9, 7, 0, 0]
False Pos: 
[17, 12, 12, 34, 5, 4, 7, 2, 2, 0]
False Neg: 
[7, 16, 9, 1, 6, 5, 13, 5, 20, 13]
MACRO Recall: 0.611563155378 Prec: 0.598481427403
MICRO Recall: 0.855623100304 Prec: 0.855623100304
Accuracy 0.855623100304
*~*~*~*~*~*~*~*~*~*~*~*~*~*~*~*~*~*~*~*~*~*~*~*~*~*~*~*~*~*~*~*~*~*~*~*~*~*~*~*~
Tested: 658
True Pos: 
[280, 145, 21, 23, 21, 38, 11, 5, 1, 1]
False Pos: 
[19, 16, 13, 27, 6, 15, 12, 1, 2, 1]
False Neg: 
[9, 15, 18, 10, 9, 4, 13, 8, 13, 13]
MACRO Recall: 0.570110713249 Prec: 0.655440947242
MICRO Recall: 0.829787234043 Prec: 0.829787234043
Accuracy 0.829787234043
*~*~*~*~*~*~*~*~*~*~*~*~*~*~*~*~*~*~*~*~*~*~*~*~*~*~*~*~*~*~*~*~*~*~*~*~*~*~*~*~
Tested: 658
True Pos: 
[272, 129, 46, 23, 27, 37, 8, 12, 1, 0]
False Pos: 
[16, 16, 14, 25, 8, 9, 7, 6, 2, 0]
False Neg: 
[11, 11, 13, 5, 12, 9, 12, 10, 8, 12]
MACRO Recall: 0.603687007682 Prec: 0.618904268104
MICRO Recall: 0.843465045593 Prec: 0.843465045593
Accuracy 0.843465045593
*~*~*~*~*~*~*~*~*~*~*~*~*~*~*~*~*~*~*~*~*~*~*~*~*~*~*~*~*~*~*~*~*~*~*~*~*~*~*~*~
Tested: 658
True Pos: 
[244, 112, 67, 20, 27, 48, 9, 8, 2, 1]
False Pos: 
[14, 15, 15, 24, 13, 21, 11, 1, 4, 2]
False Neg: 
[6, 19, 15, 8, 10, 12, 7, 17, 12, 14]
MACRO Recall: 0.598407425633 Prec: 0.647545255263
MICRO Recall: 0.817629179331 Prec: 0.817629179331
Accuracy 0.817629179331
*~*~*~*~*~*~*~*~*~*~*~*~*~*~*~*~*~*~*~*~*~*~*~*~*~*~*~*~*~*~*~*~*~*~*~*~*~*~*~*~
Tested: 658
True Pos: 
[248, 158, 30, 34, 12, 25, 27, 7, 1, 2]
False Pos: 
[23, 9, 14, 38, 2, 10, 6, 7, 2, 3]
False Neg: 
[8, 16, 14, 11, 7, 4, 11, 3, 25, 15]
MACRO Recall: 0.637445254035 Prec: 0.663822106271
MICRO Recall: 0.826747720365 Prec: 0.826747720365
Accuracy 0.826747720365
*~*~*~*~*~*~*~*~*~*~*~*~*~*~*~*~*~*~*~*~*~*~*~*~*~*~*~*~*~*~*~*~*~*~*~*~*~*~*~*~
Tested: 658
True Pos: 
[184, 137, 46, 42, 20, 19, 45, 12, 7, 4]
False Pos: 
[24, 17, 15, 36, 8, 4, 18, 4, 8, 8]
False Neg: 
[11, 16, 21, 20, 4, 4, 16, 17, 22, 11]
MACRO Recall: 0.652196538756 Prec: 0.687144405844
MICRO Recall: 0.784194528875 Prec: 0.784194528875
Accuracy 0.784194528875
