*~*~*~*~*~*~*~*~*~*~*~*~*~*~*~*~*~*~*~*~*~*~*~*~*~*~*~*~*~*~*~*~*~*~*~*~*~*~*~*~
Tested: 43
True Pos: 
[20, 4, 0, 2, 0, 1, 0, 0, 0, 0]
False Pos: 
[1, 11, 0, 2, 0, 2, 0, 0, 0, 0]
False Neg: 
[4, 1, 0, 2, 0, 0, 0, 3, 3, 3]
MACRO Recall: 0.313333333333 Prec: 0.205238095238
MICRO Recall: 0.627906976744 Prec: 0.627906976744
Accuracy 0.627906976744
*~*~*~*~*~*~*~*~*~*~*~*~*~*~*~*~*~*~*~*~*~*~*~*~*~*~*~*~*~*~*~*~*~*~*~*~*~*~*~*~
Tested: 42
True Pos: 
[23, 8, 0, 1, 2, 0, 0, 0, 0, 0]
False Pos: 
[1, 7, 0, 0, 0, 0, 0, 0, 0, 0]
False Neg: 
[1, 1, 0, 3, 0, 0, 0, 1, 1, 1]
MACRO Recall: 0.309722222222 Prec: 0.349166666667
MICRO Recall: 0.809523809524 Prec: 0.809523809524
Accuracy 0.809523809524
*~*~*~*~*~*~*~*~*~*~*~*~*~*~*~*~*~*~*~*~*~*~*~*~*~*~*~*~*~*~*~*~*~*~*~*~*~*~*~*~
Tested: 42
True Pos: 
[12, 3, 1, 1, 7, 0, 0, 0, 0, 0]
False Pos: 
[0, 12, 3, 2, 0, 0, 0, 0, 1, 0]
False Neg: 
[1, 0, 1, 6, 1, 0, 3, 0, 3, 3]
MACRO Recall: 0.344093406593 Prec: 0.278333333333
MICRO Recall: 0.571428571429 Prec: 0.571428571429
Accuracy 0.571428571429
*~*~*~*~*~*~*~*~*~*~*~*~*~*~*~*~*~*~*~*~*~*~*~*~*~*~*~*~*~*~*~*~*~*~*~*~*~*~*~*~
Tested: 42
True Pos: 
[4, 4, 4, 0, 4, 0, 0, 0, 0, 0]
False Pos: 
[4, 9, 6, 6, 1, 0, 0, 0, 0, 0]
False Neg: 
[1, 6, 1, 2, 1, 5, 5, 2, 2, 1]
MACRO Recall: 0.28 Prec: 0.200769230769
MICRO Recall: 0.380952380952 Prec: 0.380952380952
Accuracy 0.380952380952
*~*~*~*~*~*~*~*~*~*~*~*~*~*~*~*~*~*~*~*~*~*~*~*~*~*~*~*~*~*~*~*~*~*~*~*~*~*~*~*~
Tested: 42
True Pos: 
[10, 14, 1, 1, 0, 0, 0, 0, 0, 0]
False Pos: 
[1, 13, 1, 1, 0, 0, 0, 0, 0, 0]
False Neg: 
[10, 1, 0, 1, 0, 0, 1, 0, 2, 1]
MACRO Recall: 0.293333333333 Prec: 0.242760942761
MICRO Recall: 0.619047619048 Prec: 0.619047619048
Accuracy 0.619047619048
*~*~*~*~*~*~*~*~*~*~*~*~*~*~*~*~*~*~*~*~*~*~*~*~*~*~*~*~*~*~*~*~*~*~*~*~*~*~*~*~
Tested: 42
True Pos: 
[19, 9, 0, 0, 2, 0, 0, 0, 0, 0]
False Pos: 
[0, 7, 0, 0, 0, 5, 0, 0, 0, 0]
False Neg: 
[2, 0, 2, 2, 0, 0, 2, 1, 1, 2]
MACRO Recall: 0.290476190476 Prec: 0.25625
MICRO Recall: 0.714285714286 Prec: 0.714285714286
Accuracy 0.714285714286
*~*~*~*~*~*~*~*~*~*~*~*~*~*~*~*~*~*~*~*~*~*~*~*~*~*~*~*~*~*~*~*~*~*~*~*~*~*~*~*~
Tested: 42
True Pos: 
[26, 11, 0, 0, 1, 0, 0, 0, 0, 0]
False Pos: 
[0, 4, 0, 0, 0, 0, 0, 0, 0, 0]
False Neg: 
[3, 0, 0, 0, 0, 0, 0, 1, 0, 0]
MACRO Recall: 0.289655172414 Prec: 0.273333333333
MICRO Recall: 0.904761904762 Prec: 0.904761904762
Accuracy 0.904761904762
*~*~*~*~*~*~*~*~*~*~*~*~*~*~*~*~*~*~*~*~*~*~*~*~*~*~*~*~*~*~*~*~*~*~*~*~*~*~*~*~
Tested: 42
True Pos: 
[14, 15, 0, 0, 2, 1, 0, 0, 0, 0]
False Pos: 
[1, 5, 0, 1, 0, 2, 1, 0, 0, 0]
False Neg: 
[4, 4, 0, 1, 0, 0, 0, 0, 1, 0]
MACRO Recall: 0.356725146199 Prec: 0.301666666667
MICRO Recall: 0.761904761905 Prec: 0.761904761905
Accuracy 0.761904761905
*~*~*~*~*~*~*~*~*~*~*~*~*~*~*~*~*~*~*~*~*~*~*~*~*~*~*~*~*~*~*~*~*~*~*~*~*~*~*~*~
Tested: 42
True Pos: 
[13, 5, 0, 2, 1, 0, 0, 0, 0, 0]
False Pos: 
[3, 3, 1, 12, 0, 0, 2, 0, 0, 0]
False Neg: 
[3, 6, 3, 1, 2, 2, 0, 1, 2, 1]
MACRO Recall: 0.226704545455 Prec: 0.258035714286
MICRO Recall: 0.5 Prec: 0.5
Accuracy 0.5
*~*~*~*~*~*~*~*~*~*~*~*~*~*~*~*~*~*~*~*~*~*~*~*~*~*~*~*~*~*~*~*~*~*~*~*~*~*~*~*~
Tested: 42
True Pos: 
[6, 6, 5, 0, 4, 0, 0, 0, 0, 0]
False Pos: 
[0, 11, 6, 3, 0, 1, 0, 0, 0, 0]
False Neg: 
[7, 2, 1, 0, 1, 3, 6, 1, 0, 0]
MACRO Recall: 0.284487179487 Prec: 0.280748663102
MICRO Recall: 0.5 Prec: 0.5
Accuracy 0.5
