*~*~*~*~*~*~*~*~*~*~*~*~*~*~*~*~*~*~*~*~*~*~*~*~*~*~*~*~*~*~*~*~*~*~*~*~*~*~*~*~
Tested: 12
True Pos: 
[4, 1, 0, 2, 0, 0, 0, 0, 0, 0]
False Pos: 
[1, 0, 0, 4, 0, 0, 0, 0, 0, 0]
False Neg: 
[0, 1, 0, 0, 0, 0, 0, 0, 2, 2]
MACRO Recall: 0.25 Prec: 0.213333333333
MICRO Recall: 0.583333333333 Prec: 0.583333333333
Accuracy 0.583333333333
*~*~*~*~*~*~*~*~*~*~*~*~*~*~*~*~*~*~*~*~*~*~*~*~*~*~*~*~*~*~*~*~*~*~*~*~*~*~*~*~
Tested: 12
True Pos: 
[9, 0, 0, 1, 0, 0, 0, 0, 0, 0]
False Pos: 
[0, 1, 0, 1, 0, 0, 0, 0, 0, 0]
False Neg: 
[1, 0, 0, 0, 0, 0, 0, 0, 1, 0]
MACRO Recall: 0.19 Prec: 0.15
MICRO Recall: 0.833333333333 Prec: 0.833333333333
Accuracy 0.833333333333
*~*~*~*~*~*~*~*~*~*~*~*~*~*~*~*~*~*~*~*~*~*~*~*~*~*~*~*~*~*~*~*~*~*~*~*~*~*~*~*~
Tested: 12
True Pos: 
[3, 2, 0, 1, 0, 0, 0, 0, 0, 0]
False Pos: 
[1, 2, 0, 3, 0, 0, 0, 0, 0, 0]
False Neg: 
[1, 0, 0, 0, 0, 1, 0, 3, 0, 1]
MACRO Recall: 0.275 Prec: 0.15
MICRO Recall: 0.5 Prec: 0.5
Accuracy 0.5
*~*~*~*~*~*~*~*~*~*~*~*~*~*~*~*~*~*~*~*~*~*~*~*~*~*~*~*~*~*~*~*~*~*~*~*~*~*~*~*~
Tested: 12
True Pos: 
[11, 1, 0, 0, 0, 0, 0, 0, 0, 0]
False Pos: 
[0, 0, 0, 0, 0, 0, 0, 0, 0, 0]
False Neg: 
[0, 0, 0, 0, 0, 0, 0, 0, 0, 0]
MACRO Recall: 0.2 Prec: 0.2
MICRO Recall: 1.0 Prec: 1.0
Accuracy 1.0
*~*~*~*~*~*~*~*~*~*~*~*~*~*~*~*~*~*~*~*~*~*~*~*~*~*~*~*~*~*~*~*~*~*~*~*~*~*~*~*~
Tested: 12
True Pos: 
[4, 2, 0, 2, 0, 0, 0, 1, 0, 0]
False Pos: 
[0, 0, 0, 2, 0, 0, 0, 1, 0, 0]
False Neg: 
[0, 0, 0, 1, 0, 0, 0, 0, 1, 1]
MACRO Recall: 0.366666666667 Prec: 0.3
MICRO Recall: 0.75 Prec: 0.75
Accuracy 0.75
*~*~*~*~*~*~*~*~*~*~*~*~*~*~*~*~*~*~*~*~*~*~*~*~*~*~*~*~*~*~*~*~*~*~*~*~*~*~*~*~
Tested: 11
True Pos: 
[5, 2, 0, 1, 1, 0, 0, 0, 0, 0]
False Pos: 
[2, 0, 0, 0, 0, 0, 0, 0, 0, 0]
False Neg: 
[0, 2, 0, 0, 0, 0, 0, 0, 0, 0]
MACRO Recall: 0.35 Prec: 0.371428571429
MICRO Recall: 0.818181818182 Prec: 0.818181818182
Accuracy 0.818181818182
*~*~*~*~*~*~*~*~*~*~*~*~*~*~*~*~*~*~*~*~*~*~*~*~*~*~*~*~*~*~*~*~*~*~*~*~*~*~*~*~
Tested: 11
True Pos: 
[8, 2, 0, 0, 0, 0, 0, 0, 0, 0]
False Pos: 
[0, 1, 0, 0, 0, 0, 0, 0, 0, 0]
False Neg: 
[0, 0, 0, 0, 1, 0, 0, 0, 0, 0]
MACRO Recall: 0.2 Prec: 0.166666666667
MICRO Recall: 0.909090909091 Prec: 0.909090909091
Accuracy 0.909090909091
*~*~*~*~*~*~*~*~*~*~*~*~*~*~*~*~*~*~*~*~*~*~*~*~*~*~*~*~*~*~*~*~*~*~*~*~*~*~*~*~
Tested: 11
True Pos: 
[8, 1, 0, 1, 0, 0, 0, 0, 0, 0]
False Pos: 
[0, 0, 0, 1, 0, 0, 0, 0, 0, 0]
False Neg: 
[0, 0, 0, 0, 0, 0, 0, 0, 1, 0]
MACRO Recall: 0.3 Prec: 0.25
MICRO Recall: 0.909090909091 Prec: 0.909090909091
Accuracy 0.909090909091
*~*~*~*~*~*~*~*~*~*~*~*~*~*~*~*~*~*~*~*~*~*~*~*~*~*~*~*~*~*~*~*~*~*~*~*~*~*~*~*~
Tested: 11
True Pos: 
[2, 2, 0, 2, 1, 0, 0, 0, 0, 0]
False Pos: 
[2, 0, 0, 2, 0, 0, 0, 0, 0, 0]
False Neg: 
[0, 1, 0, 0, 1, 0, 0, 0, 0, 2]
MACRO Recall: 0.316666666667 Prec: 0.3
MICRO Recall: 0.636363636364 Prec: 0.636363636364
Accuracy 0.636363636364
*~*~*~*~*~*~*~*~*~*~*~*~*~*~*~*~*~*~*~*~*~*~*~*~*~*~*~*~*~*~*~*~*~*~*~*~*~*~*~*~
Tested: 11
True Pos: 
[5, 0, 0, 1, 0, 0, 0, 0, 0, 0]
False Pos: 
[1, 1, 0, 3, 0, 0, 0, 0, 0, 0]
False Neg: 
[0, 0, 1, 0, 1, 0, 3, 0, 0, 0]
MACRO Recall: 0.2 Prec: 0.108333333333
MICRO Recall: 0.545454545455 Prec: 0.545454545455
Accuracy 0.545454545455
