*~*~*~*~*~*~*~*~*~*~*~*~*~*~*~*~*~*~*~*~*~*~*~*~*~*~*~*~*~*~*~*~*~*~*~*~*~*~*~*~
Tested: 43
True Pos: 
[22, 5, 0, 0, 0, 0, 0, 0, 0, 0]
False Pos: 
[3, 12, 0, 0, 1, 0, 0, 0, 0, 0]
False Neg: 
[2, 0, 0, 4, 0, 1, 0, 3, 3, 3]
MACRO Recall: 0.191666666667 Prec: 0.117411764706
MICRO Recall: 0.627906976744 Prec: 0.627906976744
Accuracy 0.627906976744
*~*~*~*~*~*~*~*~*~*~*~*~*~*~*~*~*~*~*~*~*~*~*~*~*~*~*~*~*~*~*~*~*~*~*~*~*~*~*~*~
Tested: 42
True Pos: 
[22, 7, 0, 1, 1, 0, 0, 0, 0, 0]
False Pos: 
[2, 3, 0, 0, 5, 0, 1, 0, 0, 0]
False Neg: 
[2, 2, 0, 3, 1, 0, 0, 1, 1, 1]
MACRO Recall: 0.244444444444 Prec: 0.278333333333
MICRO Recall: 0.738095238095 Prec: 0.738095238095
Accuracy 0.738095238095
*~*~*~*~*~*~*~*~*~*~*~*~*~*~*~*~*~*~*~*~*~*~*~*~*~*~*~*~*~*~*~*~*~*~*~*~*~*~*~*~
Tested: 42
True Pos: 
[13, 3, 0, 0, 4, 0, 0, 0, 0, 0]
False Pos: 
[7, 8, 2, 1, 0, 0, 0, 3, 1, 0]
False Neg: 
[0, 0, 2, 7, 4, 0, 3, 0, 3, 3]
MACRO Recall: 0.25 Prec: 0.192272727273
MICRO Recall: 0.47619047619 Prec: 0.47619047619
Accuracy 0.47619047619
*~*~*~*~*~*~*~*~*~*~*~*~*~*~*~*~*~*~*~*~*~*~*~*~*~*~*~*~*~*~*~*~*~*~*~*~*~*~*~*~
Tested: 42
True Pos: 
[4, 5, 1, 0, 2, 0, 2, 0, 0, 0]
False Pos: 
[10, 9, 3, 1, 3, 0, 2, 0, 0, 0]
False Neg: 
[1, 5, 4, 2, 3, 5, 3, 2, 2, 1]
MACRO Recall: 0.23 Prec: 0.179285714286
MICRO Recall: 0.333333333333 Prec: 0.333333333333
Accuracy 0.333333333333
*~*~*~*~*~*~*~*~*~*~*~*~*~*~*~*~*~*~*~*~*~*~*~*~*~*~*~*~*~*~*~*~*~*~*~*~*~*~*~*~
Tested: 42
True Pos: 
[19, 14, 0, 0, 0, 0, 0, 0, 0, 0]
False Pos: 
[4, 4, 0, 0, 1, 0, 0, 0, 0, 0]
False Neg: 
[1, 1, 1, 2, 0, 0, 1, 0, 2, 1]
MACRO Recall: 0.188333333333 Prec: 0.16038647343
MICRO Recall: 0.785714285714 Prec: 0.785714285714
Accuracy 0.785714285714
*~*~*~*~*~*~*~*~*~*~*~*~*~*~*~*~*~*~*~*~*~*~*~*~*~*~*~*~*~*~*~*~*~*~*~*~*~*~*~*~
Tested: 42
True Pos: 
[20, 8, 0, 1, 1, 0, 0, 1, 0, 0]
False Pos: 
[2, 1, 0, 2, 4, 0, 0, 2, 0, 0]
False Neg: 
[1, 1, 2, 1, 1, 0, 2, 0, 1, 2]
MACRO Recall: 0.384126984127 Prec: 0.266464646465
MICRO Recall: 0.738095238095 Prec: 0.738095238095
Accuracy 0.738095238095
*~*~*~*~*~*~*~*~*~*~*~*~*~*~*~*~*~*~*~*~*~*~*~*~*~*~*~*~*~*~*~*~*~*~*~*~*~*~*~*~
Tested: 42
True Pos: 
[28, 10, 0, 0, 0, 0, 0, 0, 0, 0]
False Pos: 
[1, 3, 0, 0, 0, 0, 0, 0, 0, 0]
False Neg: 
[1, 1, 0, 0, 1, 0, 0, 1, 0, 0]
MACRO Recall: 0.187460815047 Prec: 0.173474801061
MICRO Recall: 0.904761904762 Prec: 0.904761904762
Accuracy 0.904761904762
*~*~*~*~*~*~*~*~*~*~*~*~*~*~*~*~*~*~*~*~*~*~*~*~*~*~*~*~*~*~*~*~*~*~*~*~*~*~*~*~
Tested: 42
True Pos: 
[17, 16, 0, 0, 0, 0, 0, 0, 0, 0]
False Pos: 
[3, 1, 1, 0, 2, 0, 1, 0, 1, 0]
False Neg: 
[1, 3, 0, 1, 2, 1, 0, 0, 1, 0]
MACRO Recall: 0.17865497076 Prec: 0.179117647059
MICRO Recall: 0.785714285714 Prec: 0.785714285714
Accuracy 0.785714285714
*~*~*~*~*~*~*~*~*~*~*~*~*~*~*~*~*~*~*~*~*~*~*~*~*~*~*~*~*~*~*~*~*~*~*~*~*~*~*~*~
Tested: 42
True Pos: 
[16, 10, 1, 0, 1, 1, 0, 0, 0, 0]
False Pos: 
[1, 2, 0, 0, 1, 6, 2, 0, 1, 0]
False Neg: 
[0, 1, 2, 3, 2, 1, 0, 1, 2, 1]
MACRO Recall: 0.307575757576 Prec: 0.341736694678
MICRO Recall: 0.690476190476 Prec: 0.690476190476
Accuracy 0.690476190476
*~*~*~*~*~*~*~*~*~*~*~*~*~*~*~*~*~*~*~*~*~*~*~*~*~*~*~*~*~*~*~*~*~*~*~*~*~*~*~*~
Tested: 42
True Pos: 
[9, 4, 0, 0, 1, 0, 2, 0, 0, 0]
False Pos: 
[10, 7, 2, 2, 2, 0, 3, 0, 0, 0]
False Neg: 
[4, 4, 6, 0, 4, 3, 4, 1, 0, 0]
MACRO Recall: 0.172564102564 Prec: 0.15706539075
MICRO Recall: 0.380952380952 Prec: 0.380952380952
Accuracy 0.380952380952
