*~*~*~*~*~*~*~*~*~*~*~*~*~*~*~*~*~*~*~*~*~*~*~*~*~*~*~*~*~*~*~*~*~*~*~*~*~*~*~*~
Tested: 43
True Pos: 
[20, 3, 0, 2, 0, 1, 0, 0, 0, 0]
False Pos: 
[1, 11, 0, 3, 1, 1, 0, 0, 0, 0]
False Neg: 
[4, 2, 0, 2, 0, 0, 0, 3, 3, 3]
MACRO Recall: 0.293333333333 Prec: 0.206666666667
MICRO Recall: 0.604651162791 Prec: 0.604651162791
Accuracy 0.604651162791
*~*~*~*~*~*~*~*~*~*~*~*~*~*~*~*~*~*~*~*~*~*~*~*~*~*~*~*~*~*~*~*~*~*~*~*~*~*~*~*~
Tested: 42
True Pos: 
[23, 8, 0, 1, 2, 0, 0, 0, 0, 0]
False Pos: 
[1, 0, 4, 2, 1, 0, 0, 0, 0, 0]
False Neg: 
[1, 1, 0, 3, 0, 0, 0, 1, 1, 1]
MACRO Recall: 0.309722222222 Prec: 0.295833333333
MICRO Recall: 0.809523809524 Prec: 0.809523809524
Accuracy 0.809523809524
*~*~*~*~*~*~*~*~*~*~*~*~*~*~*~*~*~*~*~*~*~*~*~*~*~*~*~*~*~*~*~*~*~*~*~*~*~*~*~*~
Tested: 42
True Pos: 
[12, 3, 0, 2, 5, 0, 0, 0, 0, 0]
False Pos: 
[1, 7, 1, 2, 3, 3, 0, 2, 1, 0]
False Neg: 
[1, 0, 2, 5, 3, 0, 3, 0, 3, 3]
MACRO Recall: 0.283379120879 Prec: 0.234807692308
MICRO Recall: 0.52380952381 Prec: 0.52380952381
Accuracy 0.52380952381
*~*~*~*~*~*~*~*~*~*~*~*~*~*~*~*~*~*~*~*~*~*~*~*~*~*~*~*~*~*~*~*~*~*~*~*~*~*~*~*~
Tested: 42
True Pos: 
[4, 6, 4, 2, 5, 0, 0, 0, 0, 0]
False Pos: 
[4, 1, 7, 5, 1, 0, 0, 3, 0, 0]
False Neg: 
[1, 4, 1, 0, 0, 5, 5, 2, 2, 1]
MACRO Recall: 0.42 Prec: 0.283982683983
MICRO Recall: 0.5 Prec: 0.5
Accuracy 0.5
*~*~*~*~*~*~*~*~*~*~*~*~*~*~*~*~*~*~*~*~*~*~*~*~*~*~*~*~*~*~*~*~*~*~*~*~*~*~*~*~
Tested: 42
True Pos: 
[18, 14, 1, 1, 0, 0, 0, 0, 0, 0]
False Pos: 
[0, 1, 3, 3, 0, 1, 0, 0, 0, 0]
False Neg: 
[2, 1, 0, 1, 0, 0, 1, 0, 2, 1]
MACRO Recall: 0.333333333333 Prec: 0.243333333333
MICRO Recall: 0.809523809524 Prec: 0.809523809524
Accuracy 0.809523809524
*~*~*~*~*~*~*~*~*~*~*~*~*~*~*~*~*~*~*~*~*~*~*~*~*~*~*~*~*~*~*~*~*~*~*~*~*~*~*~*~
Tested: 42
True Pos: 
[20, 9, 0, 1, 2, 0, 0, 0, 0, 0]
False Pos: 
[2, 2, 0, 2, 0, 2, 2, 0, 0, 0]
False Neg: 
[1, 0, 2, 1, 0, 0, 2, 1, 1, 2]
MACRO Recall: 0.345238095238 Prec: 0.306060606061
MICRO Recall: 0.761904761905 Prec: 0.761904761905
Accuracy 0.761904761905
*~*~*~*~*~*~*~*~*~*~*~*~*~*~*~*~*~*~*~*~*~*~*~*~*~*~*~*~*~*~*~*~*~*~*~*~*~*~*~*~
Tested: 42
True Pos: 
[28, 9, 0, 0, 1, 0, 0, 0, 0, 0]
False Pos: 
[0, 0, 2, 1, 0, 0, 1, 0, 0, 0]
False Neg: 
[1, 2, 0, 0, 0, 0, 0, 1, 0, 0]
MACRO Recall: 0.278369905956 Prec: 0.3
MICRO Recall: 0.904761904762 Prec: 0.904761904762
Accuracy 0.904761904762
*~*~*~*~*~*~*~*~*~*~*~*~*~*~*~*~*~*~*~*~*~*~*~*~*~*~*~*~*~*~*~*~*~*~*~*~*~*~*~*~
Tested: 42
True Pos: 
[17, 17, 0, 1, 1, 0, 0, 0, 0, 0]
False Pos: 
[3, 0, 0, 3, 0, 0, 0, 0, 0, 0]
False Neg: 
[1, 2, 0, 0, 1, 1, 0, 0, 1, 0]
MACRO Recall: 0.333918128655 Prec: 0.31
MICRO Recall: 0.857142857143 Prec: 0.857142857143
Accuracy 0.857142857143
*~*~*~*~*~*~*~*~*~*~*~*~*~*~*~*~*~*~*~*~*~*~*~*~*~*~*~*~*~*~*~*~*~*~*~*~*~*~*~*~
Tested: 42
True Pos: 
[14, 10, 1, 3, 1, 0, 0, 0, 0, 0]
False Pos: 
[2, 4, 0, 5, 0, 0, 2, 0, 0, 0]
False Neg: 
[2, 1, 2, 0, 2, 2, 0, 1, 2, 1]
MACRO Recall: 0.345075757576 Prec: 0.396428571429
MICRO Recall: 0.690476190476 Prec: 0.690476190476
Accuracy 0.690476190476
*~*~*~*~*~*~*~*~*~*~*~*~*~*~*~*~*~*~*~*~*~*~*~*~*~*~*~*~*~*~*~*~*~*~*~*~*~*~*~*~
Tested: 42
True Pos: 
[10, 4, 5, 0, 5, 2, 0, 1, 0, 0]
False Pos: 
[2, 3, 6, 0, 4, 0, 0, 0, 0, 0]
False Neg: 
[3, 4, 1, 0, 0, 1, 6, 0, 0, 0]
MACRO Recall: 0.476923076923 Prec: 0.441486291486
MICRO Recall: 0.642857142857 Prec: 0.642857142857
Accuracy 0.642857142857
